         0   -1.5708         0   -1.5708         0         0
    5.9263    4.8008    0.4631    5.3356    5.4072    0.0063
    5.3424    4.3227    4.6949    0.4072    5.6532    0.7854
    5.3367    4.3216    4.6928    0.4104    5.6589    0.7838
    5.3310    4.3204    4.6908    0.4136    5.6646    0.7823
    5.3253    4.3193    4.6887    0.4168    5.6703    0.7807
    5.3196    4.3182    4.6866    0.4200    5.6760    0.7791
    5.3139    4.3171    4.6844    0.4232    5.6817    0.7775
    5.3083    4.3160    4.6823    0.4265    5.6873    0.7760
    5.3026    4.3149    4.6801    0.4298    5.6929    0.7744
    5.2970    4.3138    4.6780    0.4331    5.6986    0.7728
    5.2914    4.3127    4.6758    0.4364    5.7042    0.7713
    5.2858    4.3116    4.6735    0.4397    5.7098    0.7697
    5.2802    4.3104    4.6713    0.4430    5.7153    0.7681
    5.2747    4.3093    4.6691    0.4464    5.7209    0.7665
    5.2691    4.3082    4.6669    0.4497    5.7265    0.7650
    5.2636    4.3071    4.6646    0.4531    5.7320    0.7634
    5.2580    4.3060    4.6623    0.4565    5.7375    0.7618
    5.2525    4.3049    4.6600    0.4599    5.7431    0.7603
    5.2470    4.3037    4.6577    0.4633    5.7486    0.7587
    5.2415    4.3026    4.6554    0.4668    5.7541    0.7571
    5.2360    4.3015    4.6531    0.4702    5.7596    0.7556
    5.2305    4.3004    4.6507    0.4737    5.7650    0.7540
    5.2251    4.2993    4.6483    0.4772    5.7705    0.7524
    5.2196    4.2981    4.6460    0.4807    5.7760    0.7508
    5.2142    4.2970    4.6436    0.4842    5.7814    0.7493
    5.2087    4.2959    4.6412    0.4877    5.7869    0.7477
    5.2033    4.2947    4.6388    0.4913    5.7923    0.7461
    5.1979    4.2936    4.6364    0.4948    5.7977    0.7446
    5.1925    4.2925    4.6339    0.4984    5.8031    0.7430
    5.1871    4.2913    4.6315    0.5020    5.8085    0.7414
    5.1817    4.2902    4.6290    0.5056    5.8139    0.7398
    5.1763    4.2890    4.6266    0.5092    5.8193    0.7383
    5.1709    4.2879    4.6241    0.5128    5.8247    0.7367
    5.1655    4.2867    4.6216    0.5164    5.8300    0.7351
    5.1602    4.2856    4.6191    0.5201    5.8354    0.7336
    5.1548    4.2844    4.6166    0.5238    5.8408    0.7320
    5.1495    4.2832    4.6141    0.5274    5.8461    0.7304
    5.1441    4.2821    4.6116    0.5311    5.8515    0.7288
    5.1388    4.2809    4.6090    0.5348    5.8568    0.7273
    5.1334    4.2797    4.6065    0.5386    5.8621    0.7257
    5.1281    4.2785    4.6040    0.5423    5.8674    0.7241
    5.1228    4.2774    4.6014    0.5460    5.8728    0.7226
    5.1175    4.2762    4.5988    0.5498    5.8781    0.7210
    5.1122    4.2749    4.5963    0.5536    5.8834    0.7194
    5.1069    4.2737    4.5937    0.5574    5.8887    0.7179
    5.1016    4.2725    4.5911    0.5611    5.8940    0.7163
    5.0963    4.2713    4.5885    0.5650    5.8993    0.7147
    5.0910    4.2701    4.5859    0.5688    5.9046    0.7131
    5.0857    4.2689    4.5833    0.5726    5.9099    0.7116
    5.0804    4.2676    4.5807    0.5765    5.9151    0.7100
    5.0751    4.2664    4.5781    0.5803    5.9204    0.7084
    5.0699    4.2652    4.5754    0.5842    5.9257    0.7069
    5.0646    4.2639    4.5728    0.5881    5.9310    0.7053
    5.0593    4.2626    4.5702    0.5920    5.9362    0.7037
    5.0541    4.2614    4.5675    0.5959    5.9415    0.7021
    5.0488    4.2601    4.5649    0.5998    5.9468    0.7006
    5.0435    4.2588    4.5623    0.6037    5.9520    0.6990
    5.0383    4.2575    4.5596    0.6076    5.9573    0.6974
    5.0330    4.2562    4.5570    0.6116    5.9625    0.6959
    5.0278    4.2549    4.5543    0.6155    5.9678    0.6943
    5.0225    4.2536    4.5517    0.6195    5.9730    0.6927
    5.0173    4.2523    4.5490    0.6235    5.9783    0.6912
    5.0120    4.2509    4.5464    0.6275    5.9835    0.6896
    5.0068    4.2496    4.5437    0.6315    5.9888    0.6880
    5.0015    4.2483    4.5410    0.6355    5.9940    0.6864
    4.9963    4.2469    4.5384    0.6395    5.9993    0.6849
    4.9910    4.2455    4.5357    0.6435    6.0045    0.6833
    4.9858    4.2442    4.5330    0.6476    6.0098    0.6817
    4.9806    4.2428    4.5304    0.6516    6.0150    0.6802
    4.9753    4.2414    4.5277    0.6557    6.0203    0.6786
    4.9701    4.2400    4.5251    0.6597    6.0255    0.6770
    4.9648    4.2386    4.5224    0.6638    6.0308    0.6754
    4.9596    4.2371    4.5197    0.6679    6.0360    0.6739
    4.9543    4.2357    4.5171    0.6720    6.0412    0.6723
    4.9491    4.2342    4.5144    0.6761    6.0465    0.6707
    4.9438    4.2328    4.5118    0.6802    6.0518    0.6692
    4.9386    4.2313    4.5091    0.6843    6.0570    0.6676
    4.9333    4.2298    4.5065    0.6885    6.0622    0.6660
    4.9281    4.2283    4.5038    0.6926    6.0675    0.6644
    4.9228    4.2268    4.5012    0.6967    6.0728    0.6629
    4.9176    4.2253    4.4986    0.7009    6.0780    0.6613
    4.9123    4.2238    4.4959    0.7051    6.0833    0.6597
    4.9070    4.2222    4.4933    0.7092    6.0885    0.6582
    4.9018    4.2207    4.4907    0.7134    6.0938    0.6566
    4.8965    4.2191    4.4881    0.7176    6.0991    0.6550
    4.8913    4.2176    4.4855    0.7218    6.1043    0.6535
    4.8860    4.2160    4.4829    0.7260    6.1096    0.6519
    4.8807    4.2144    4.4803    0.7302    6.1148    0.6503
    4.8754    4.2127    4.4777    0.7344    6.1201    0.6487
    4.8702    4.2111    4.4751    0.7386    6.1254    0.6472
    4.8649    4.2095    4.4725    0.7428    6.1307    0.6456
    4.8596    4.2078    4.4699    0.7470    6.1360    0.6440
    4.8543    4.2062    4.4674    0.7512    6.1412    0.6425
    4.8490    4.2045    4.4648    0.7555    6.1465    0.6409
    4.8438    4.2028    4.4623    0.7597    6.1518    0.6393
    4.8384    4.2011    4.4597    0.7640    6.1571    0.6377
    4.8331    4.1994    4.4572    0.7682    6.1624    0.6362
    4.8278    4.1976    4.4547    0.7725    6.1677    0.6346
    4.8225    4.1959    4.4522    0.7767    6.1730    0.6330
    4.8172    4.1941    4.4497    0.7810    6.1783    0.6315
    4.8119    4.1923    4.4472    0.7853    6.1837    0.6299
    4.8066    4.1906    4.4447    0.7895    6.1890    0.6283
    4.8013    4.1887    4.4422    0.7938    6.1943    0.6267
    4.7960    4.1869    4.4397    0.7981    6.1996    0.6252
    4.7906    4.1851    4.4373    0.8024    6.2050    0.6236
    4.7853    4.1833    4.4348    0.8067    6.2103    0.6220
    4.7799    4.1814    4.4324    0.8110    6.2156    0.6205
    4.7746    4.1795    4.4300    0.8153    6.2210    0.6189
    4.7692    4.1776    4.4276    0.8195    6.2263    0.6173
    4.7639    4.1757    4.4252    0.8238    6.2317    0.6158
    4.7585    4.1738    4.4228    0.8281    6.2371    0.6142
    4.7531    4.1719    4.4205    0.8324    6.2424    0.6126
    4.7478    4.1699    4.4181    0.8368    6.2478    0.6110
    4.7424    4.1680    4.4158    0.8411    6.2532    0.6095
    4.7370    4.1660    4.4134    0.8454    6.2585    0.6079
    4.7316    4.1640    4.4111    0.8497    6.2639    0.6063
    4.7262    4.1620    4.4088    0.8540    6.2693    0.6048
    4.7208    4.1600    4.4066    0.8583    6.2747    0.6032
    4.7154    4.1579    4.4043    0.8626    6.2801    0.6016
    4.7100    4.1559    4.4020    0.8669    0.0024    0.6000
    4.7046    4.1538    4.3998    0.8712    0.0078    0.5985
    4.6992    4.1517    4.3976    0.8755    0.0132    0.5969
    4.6938    4.1496    4.3953    0.8798    0.0186    0.5953
    4.6883    4.1475    4.3932    0.8841    0.0241    0.5938
    4.6829    4.1454    4.3910    0.8884    0.0295    0.5922
    4.6775    4.1432    4.3888    0.8927    0.0349    0.5906
    4.6720    4.1411    4.3867    0.8970    0.0404    0.5890
    4.6665    4.1389    4.3845    0.9013    0.0458    0.5875
    4.6611    4.1367    4.3824    0.9057    0.0513    0.5859
    4.6556    4.1345    4.3803    0.9099    0.0568    0.5843
    4.6501    4.1323    4.3783    0.9142    0.0623    0.5828
    4.6447    4.1300    4.3762    0.9185    0.0677    0.5812
    4.6392    4.1278    4.3742    0.9228    0.0732    0.5796
    4.6337    4.1255    4.3721    0.9271    0.0787    0.5781
    4.6282    4.1233    4.3701    0.9314    0.0842    0.5765
    4.6227    4.1210    4.3681    0.9357    0.0897    0.5749
    4.6172    4.1187    4.3662    0.9400    0.0952    0.5733
    4.6116    4.1163    4.3642    0.9442    0.1008    0.5718
    4.6061    4.1140    4.3623    0.9485    0.1063    0.5702
    4.6006    4.1117    4.3604    0.9528    0.1118    0.5686
    4.5950    4.1093    4.3585    0.9570    0.1173    0.5671
    4.5895    4.1069    4.3566    0.9613    0.1229    0.5655
    4.5840    4.1045    4.3547    0.9655    0.1284    0.5639
    4.5784    4.1021    4.3529    0.9698    0.1340    0.5623
    4.5728    4.0997    4.3511    0.9740    0.1396    0.5608
    4.5673    4.0973    4.3493    0.9782    0.1451    0.5592
    4.5617    4.0949    4.3475    0.9825    0.1507    0.5576
    4.5561    4.0924    4.3457    0.9867    0.1563    0.5561
    4.5505    4.0899    4.3440    0.9909    0.1619    0.5545
    4.5449    4.0874    4.3422    0.9951    0.1675    0.5529
    4.5393    4.0850    4.3406    0.9993    0.1731    0.5513
    4.5337    4.0824    4.3389    1.0035    0.1787    0.5498
    4.5281    4.0799    4.3372    1.0077    0.1843    0.5482
    4.5225    4.0774    4.3356    1.0118    0.1899    0.5466
    4.5169    4.0748    4.3339    1.0160    0.1955    0.5451
    4.5113    4.0723    4.3323    1.0201    0.2011    0.5435
    4.5056    4.0697    4.3308    1.0243    0.2068    0.5419
    4.5000    4.0671    4.3292    1.0284    0.2124    0.5404
    4.4943    4.0645    4.3277    1.0326    0.2181    0.5388
    4.4887    4.0619    4.3262    1.0367    0.2237    0.5372
    4.4830    4.0593    4.3247    1.0408    0.2294    0.5356
    4.4774    4.0567    4.3232    1.0449    0.2350    0.5341
    4.4717    4.0541    4.3217    1.0490    0.2407    0.5325
    4.4660    4.0514    4.3203    1.0531    0.2464    0.5309
    4.4603    4.0488    4.3189    1.0572    0.2521    0.5294
    4.4546    4.0461    4.3175    1.0612    0.2578    0.5278
    4.4489    4.0434    4.3161    1.0653    0.2635    0.5262
    4.4432    4.0407    4.3148    1.0693    0.2691    0.5246
    4.4375    4.0380    4.3134    1.0733    0.2749    0.5231
    4.4318    4.0353    4.3121    1.0773    0.2806    0.5215
    4.4261    4.0326    4.3108    1.0813    0.2863    0.5199
    4.4204    4.0299    4.3096    1.0853    0.2920    0.5184
    4.4147    4.0272    4.3083    1.0893    0.2977    0.5168
    4.4089    4.0244    4.3071    1.0933    0.3035    0.5152
    4.4032    4.0217    4.3059    1.0972    0.3092    0.5137
    4.3975    4.0189    4.3047    1.1012    0.3149    0.5121
    4.3917    4.0161    4.3035    1.1051    0.3207    0.5105
    4.3860    4.0134    4.3024    1.1090    0.3264    0.5089
    4.3802    4.0106    4.3013    1.1129    0.3322    0.5074
    4.3745    4.0078    4.3002    1.1168    0.3379    0.5058
    4.3687    4.0050    4.2991    1.1206    0.3437    0.5042
    4.3629    4.0022    4.2980    1.1245    0.3495    0.5027
    4.3571    3.9994    4.2970    1.1283    0.3552    0.5011
    4.3514    3.9966    4.2960    1.1322    0.3610    0.4995
    4.3456    3.9938    4.2950    1.1360    0.3668    0.4979
    4.3398    3.9910    4.2940    1.1398    0.3726    0.4964
    4.3340    3.9882    4.2931    1.1436    0.3784    0.4948
    4.3282    3.9853    4.2921    1.1473    0.3842    0.4932
    4.3224    3.9825    4.2912    1.1511    0.3900    0.4917
    4.3166    3.9797    4.2903    1.1548    0.3958    0.4901
    4.3108    3.9768    4.2894    1.1585    0.4016    0.4885
    4.3050    3.9740    4.2885    1.1623    0.4074    0.4869
    4.2992    3.9711    4.2877    1.1659    0.4132    0.4854
    4.2934    3.9683    4.2869    1.1696    0.4190    0.4838
    4.2876    3.9654    4.2861    1.1733    0.4248    0.4822
    4.2817    3.9626    4.2853    1.1769    0.4306    0.4807
    4.2759    3.9597    4.2845    1.1805    0.4365    0.4791
    4.2701    3.9568    4.2838    1.1842    0.4423    0.4775
    4.2643    3.9540    4.2831    1.1877    0.4481    0.4760
    4.2584    3.9511    4.2824    1.1913    0.4540    0.4744
    4.2526    3.9483    4.2816    1.1949    0.4598    0.4728
    4.2468    3.9454    4.2810    1.1984    0.4656    0.4712
    4.2409    3.9425    4.2803    1.2019    0.4715    0.4697
    4.2351    3.9397    4.2797    1.2054    0.4773    0.4681
    4.2292    3.9368    4.2791    1.2089    0.4831    0.4665
    4.2234    3.9339    4.2785    1.2124    0.4890    0.4650
    4.2176    3.9311    4.2779    1.2159    0.4948    0.4634
    4.2117    3.9282    4.2773    1.2193    0.5007    0.4618
    4.2058    3.9253    4.2767    1.2227    0.5065    0.4602
    4.2000    3.9225    4.2762    1.2261    0.5124    0.4587
    4.1941    3.9196    4.2757    1.2295    0.5182    0.4571
    4.1883    3.9168    4.2752    1.2329    0.5241    0.4555
    4.1824    3.9139    4.2747    1.2362    0.5300    0.4540
    4.1766    3.9111    4.2742    1.2395    0.5358    0.4524
    4.1707    3.9082    4.2737    1.2428    0.5417    0.4508
    4.1649    3.9054    4.2733    1.2461    0.5475    0.4492
    4.1590    3.9026    4.2728    1.2494    0.5534    0.4477
    4.1531    3.8997    4.2724    1.2527    0.5593    0.4461
    4.1473    3.8969    4.2720    1.2559    0.5651    0.4445
    4.1414    3.8941    4.2716    1.2591    0.5710    0.4430
    4.1356    3.8912    4.2712    1.2623    0.5768    0.4414
    4.1297    3.8884    4.2708    1.2655    0.5827    0.4398
    4.1238    3.8856    4.2705    1.2687    0.5886    0.4383
    4.1180    3.8828    4.2701    1.2718    0.5944    0.4367
    4.1121    3.8800    4.2698    1.2750    0.6003    0.4351
    4.1062    3.8772    4.2695    1.2781    0.6062    0.4335
    4.1004    3.8744    4.2692    1.2812    0.6120    0.4320
    4.0945    3.8716    4.2689    1.2843    0.6179    0.4304
    4.0887    3.8689    4.2686    1.2873    0.6237    0.4288
    4.0828    3.8661    4.2683    1.2904    0.6296    0.4273
    4.0769    3.8634    4.2680    1.2934    0.6355    0.4257
    4.0711    3.8606    4.2678    1.2964    0.6413    0.4241
    4.0652    3.8579    4.2675    1.2994    0.6472    0.4225
    4.0594    3.8551    4.2673    1.3024    0.6530    0.4210
    4.0535    3.8524    4.2670    1.3053    0.6589    0.4194
    4.0477    3.8497    4.2668    1.3083    0.6647    0.4178
    4.0418    3.8470    4.2666    1.3112    0.6706    0.4163
    4.0360    3.8443    4.2664    1.3141    0.6764    0.4147
    4.0301    3.8416    4.2662    1.3170    0.6823    0.4131
    4.0243    3.8389    4.2660    1.3199    0.6881    0.4115
    4.0184    3.8363    4.2658    1.3227    0.6940    0.4100
    4.0126    3.8336    4.2656    1.3256    0.6998    0.4084
    4.0067    3.8310    4.2654    1.3284    0.7056    0.4068
    4.0009    3.8283    4.2652    1.3312    0.7115    0.4053
    3.9951    3.8257    4.2651    1.3340    0.7173    0.4037
    3.9892    3.8231    4.2649    1.3368    0.7232    0.4021
    3.9834    3.8205    4.2647    1.3395    0.7290    0.4006
    3.9776    3.8179    4.2646    1.3423    0.7348    0.3990
    3.9718    3.8153    4.2644    1.3450    0.7406    0.3974
    3.9659    3.8128    4.2643    1.3477    0.7465    0.3958
    3.9601    3.8102    4.2641    1.3504    0.7523    0.3943
    3.9543    3.8077    4.2640    1.3531    0.7581    0.3927
    3.9485    3.8052    4.2638    1.3558    0.7639    0.3911
    3.9427    3.8027    4.2637    1.3584    0.7697    0.3896
    3.9369    3.8002    4.2635    1.3611    0.7755    0.3880
    3.9310    3.7977    4.2634    1.3637    0.7813    0.3864
    3.9253    3.7952    4.2632    1.3663    0.7871    0.3848
    3.9194    3.7928    4.2631    1.3689    0.7929    0.3833
    3.9137    3.7903    4.2630    1.3715    0.7987    0.3817
    3.9079    3.7879    4.2628    1.3741    0.8045    0.3801
    3.9021    3.7855    4.2626    1.3766    0.8103    0.3786
    3.8963    3.7831    4.2625    1.3792    0.8161    0.3770
    3.8905    3.7807    4.2623    1.3817    0.8219    0.3754
    3.8847    3.7783    4.2622    1.3843    0.8277    0.3739
    3.8790    3.7760    4.2620    1.3868    0.8334    0.3723
    3.8732    3.7736    4.2619    1.3893    0.8392    0.3707
    3.8674    3.7713    4.2617    1.3918    0.8450    0.3691
    3.8617    3.7690    4.2615    1.3942    0.8507    0.3676
    3.8559    3.7667    4.2613    1.3967    0.8565    0.3660
    3.8502    3.7645    4.2611    1.3992    0.8622    0.3644
    3.8444    3.7622    4.2610    1.4016    0.8680    0.3629
    3.8386    3.7600    4.2608    1.4041    0.8737    0.3613
    3.8329    3.7578    4.2606    1.4065    0.8795    0.3597
    3.8272    3.7555    4.2603    1.4089    0.8852    0.3581
    3.8214    3.7534    4.2601    1.4113    0.8910    0.3566
    3.8157    3.7512    4.2599    1.4137    0.8967    0.3550
    3.8100    3.7490    4.2597    1.4161    0.9024    0.3534
    3.8043    3.7469    4.2594    1.4185    0.9081    0.3519
    3.7985    3.7448    4.2592    1.4208    0.9139    0.3503
    3.7928    3.7427    4.2589    1.4232    0.9196    0.3487
    3.7871    3.7406    4.2586    1.4256    0.9253    0.3471
    3.7814    3.7386    4.2583    1.4279    0.9310    0.3456
    3.7757    3.7365    4.2580    1.4302    0.9367    0.3440
    3.7700    3.7345    4.2577    1.4326    0.9424    0.3424
    3.7643    3.7325    4.2574    1.4349    0.9481    0.3409
    3.7586    3.7305    4.2571    1.4372    0.9538    0.3393
    3.7529    3.7285    4.2567    1.4395    0.9595    0.3377
    3.7472    3.7266    4.2564    1.4419    0.9651    0.3362
    3.7416    3.7246    4.2560    1.4442    0.9708    0.3346
    3.7359    3.7227    4.2556    1.4465    0.9765    0.3330
    3.7302    3.7208    4.2552    1.4487    0.9822    0.3314
    3.7245    3.7190    4.2548    1.4510    0.9878    0.3299
    3.7189    3.7171    4.2543    1.4533    0.9935    0.3283
    3.7132    3.7153    4.2539    1.4556    0.9992    0.3267
    3.7076    3.7135    4.2534    1.4579    1.0048    0.3252
    3.7019    3.7117    4.2529    1.4602    1.0105    0.3236
    3.6963    3.7099    4.2524    1.4624    1.0161    0.3220
    3.6906    3.7082    4.2519    1.4647    1.0218    0.3204
    3.6850    3.7064    4.2514    1.4670    1.0274    0.3189
    3.6793    3.7047    4.2508    1.4692    1.0331    0.3173
    3.6737    3.7030    4.2502    1.4715    1.0387    0.3157
    3.6681    3.7014    4.2496    1.4738    1.0443    0.3142
    3.6624    3.6997    4.2490    1.4760    1.0500    0.3126
    3.6568    3.6981    4.2484    1.4783    1.0556    0.3110
    3.6512    3.6965    4.2477    1.4805    1.0612    0.3094
    3.6455    3.6949    4.2471    1.4828    1.0669    0.3079
    3.6399    3.6934    4.2464    1.4851    1.0725    0.3063
    3.6343    3.6918    4.2457    1.4873    1.0781    0.3047
    3.6287    3.6903    4.2449    1.4896    1.0837    0.3032
    3.6231    3.6888    4.2442    1.4918    1.0893    0.3016
    3.6175    3.6873    4.2434    1.4941    1.0949    0.3000
    3.6118    3.6859    4.2425    1.4964    1.1005    0.2985
    3.6062    3.6844    4.2417    1.4986    1.1061    0.2969
    3.6006    3.6830    4.2409    1.5009    1.1118    0.2953
    3.5950    3.6816    4.2400    1.5032    1.1174    0.2937
    3.5894    3.6803    4.2391    1.5054    1.1230    0.2922
    3.5838    3.6789    4.2382    1.5077    1.1286    0.2906
    3.5782    3.6776    4.2372    1.5100    1.1342    0.2890
    3.5726    3.6763    4.2362    1.5123    1.1398    0.2875
    3.5670    3.6750    4.2352    1.5146    1.1454    0.2859
    3.5614    3.6737    4.2342    1.5169    1.1510    0.2843
    3.5558    3.6725    4.2331    1.5192    1.1566    0.2827
    3.5502    3.6713    4.2320    1.5215    1.1622    0.2812
    3.5446    3.6701    4.2309    1.5238    1.1678    0.2796
    3.5390    3.6689    4.2298    1.5261    1.1734    0.2780
    3.5334    3.6678    4.2286    1.5284    1.1790    0.2765
    3.5278    3.6667    4.2274    1.5307    1.1846    0.2749
    3.5222    3.6656    4.2262    1.5331    1.1902    0.2733
    3.5166    3.6645    4.2249    1.5354    1.1958    0.2717
    3.5109    3.6634    4.2236    1.5377    1.2014    0.2702
    3.5053    3.6624    4.2223    1.5401    1.2070    0.2686
    3.4997    3.6614    4.2210    1.5424    1.2127    0.2670
    3.4941    3.6604    4.2196    1.5448    1.2183    0.2655
    3.4885    3.6594    4.2182    1.5472    1.2239    0.2639
    3.4829    3.6585    4.2167    1.5495    1.2295    0.2623
    3.4772    3.6576    4.2153    1.5519    1.2351    0.2608
    3.4716    3.6567    4.2138    1.5543    1.2408    0.2592
    3.4660    3.6558    4.2122    1.5567    1.2464    0.2576
    3.4603    3.6550    4.2107    1.5592    1.2521    0.2560
    3.4547    3.6541    4.2091    1.5616    1.2577    0.2545
    3.4490    3.6533    4.2074    1.5640    1.2633    0.2529
    3.4434    3.6526    4.2058    1.5664    1.2690    0.2513
    3.4377    3.6518    4.2041    1.5689    1.2747    0.2498
    3.4320    3.6511    4.2024    1.5714    1.2803    0.2482
    3.4264    3.6503    4.2006    1.5738    1.2860    0.2466
    3.4207    3.6497    4.1988    1.5763    1.2917    0.2450
    3.4150    3.6490    4.1970    1.5788    1.2974    0.2435
    3.4093    3.6484    4.1951    1.5813    1.3031    0.2419
    3.4036    3.6477    4.1932    1.5838    1.3088    0.2403
    3.3979    3.6471    4.1913    1.5864    1.3145    0.2388
    3.3922    3.6466    4.1893    1.5889    1.3202    0.2372
    3.3864    3.6460    4.1873    1.5915    1.3260    0.2356
    3.3807    3.6455    4.1853    1.5940    1.3317    0.2340
    3.3749    3.6450    4.1832    1.5966    1.3375    0.2325
    3.3692    3.6445    4.1811    1.5992    1.3432    0.2309
    3.3634    3.6440    4.1790    1.6018    1.3490    0.2293
    3.3576    3.6436    4.1768    1.6044    1.3548    0.2278
    3.3518    3.6432    4.1746    1.6070    1.3606    0.2262
    3.3460    3.6428    4.1723    1.6096    1.3664    0.2246
    3.3401    3.6424    4.1701    1.6123    1.3722    0.2231
    3.3343    3.6421    4.1677    1.6149    1.3781    0.2215
    3.3284    3.6418    4.1654    1.6176    1.3840    0.2199
    3.3226    3.6415    4.1630    1.6203    1.3898    0.2183
    3.3167    3.6412    4.1606    1.6230    1.3957    0.2168
    3.3108    3.6410    4.1581    1.6257    1.4016    0.2152
    3.3048    3.6407    4.1556    1.6284    1.4076    0.2136
    3.2989    3.6405    4.1531    1.6311    1.4135    0.2121
    3.2929    3.6404    4.1505    1.6339    1.4195    0.2105
    3.2869    3.6402    4.1479    1.6366    1.4255    0.2089
    3.2809    3.6401    4.1453    1.6394    1.4315    0.2073
    3.2749    3.6399    4.1426    1.6422    1.4375    0.2058
    3.2688    3.6399    4.1399    1.6450    1.4436    0.2042
    3.2628    3.6398    4.1372    1.6478    1.4496    0.2026
    3.2567    3.6398    4.1344    1.6506    1.4557    0.2011
    3.2505    3.6397    4.1316    1.6535    1.4619    0.1995
    3.2444    3.6397    4.1287    1.6563    1.4680    0.1979
    3.2382    3.6398    4.1258    1.6592    1.4742    0.1963
    3.2320    3.6398    4.1229    1.6620    1.4804    0.1948
    3.2258    3.6399    4.1200    1.6649    1.4866    0.1932
    3.2195    3.6400    4.1170    1.6678    1.4929    0.1916
    3.2132    3.6401    4.1139    1.6707    1.4992    0.1901
    3.2069    3.6403    4.1109    1.6736    1.5055    0.1885
    3.2005    3.6404    4.1078    1.6765    1.5118    0.1869
    3.1942    3.6406    4.1047    1.6795    1.5182    0.1854
    3.1877    3.6409    4.1015    1.6824    1.5247    0.1838
    3.1813    3.6411    4.0983    1.6854    1.5311    0.1822
    3.1748    3.6414    4.0951    1.6884    1.5376    0.1806
    3.1683    3.6416    4.0918    1.6913    1.5441    0.1791
    3.1617    3.6420    4.0885    1.6943    1.5507    0.1775
    3.1551    3.6423    4.0852    1.6973    1.5573    0.1759
    3.1484    3.6427    4.0818    1.7003    1.5640    0.1744
    3.1417    3.6431    4.0784    1.7033    1.5707    0.1728
    3.1349    3.6435    4.0750    1.7063    1.5774    0.1712
    3.1282    3.6439    4.0715    1.7093    1.5842    0.1696
    3.1213    3.6444    4.0681    1.7124    1.5911    0.1681
    3.1144    3.6448    4.0645    1.7154    1.5980    0.1665
    3.1075    3.6454    4.0610    1.7184    1.6049    0.1649
    3.1005    3.6459    4.0574    1.7215    1.6119    0.1634
    3.0935    3.6465    4.0538    1.7245    1.6189    0.1618
    3.0864    3.6470    4.0502    1.7275    1.6260    0.1602
    3.0792    3.6477    4.0465    1.7306    1.6332    0.1587
    3.0720    3.6483    4.0428    1.7336    1.6404    0.1571
    3.0647    3.6490    4.0391    1.7367    1.6477    0.1555
    3.0574    3.6497    4.0354    1.7397    1.6550    0.1539
    3.0500    3.6504    4.0316    1.7428    1.6624    0.1524
    3.0425    3.6511    4.0279    1.7458    1.6699    0.1508
    3.0350    3.6519    4.0241    1.7488    1.6774    0.1492
    3.0274    3.6527    4.0202    1.7518    1.6850    0.1477
    3.0197    3.6536    4.0164    1.7548    1.6927    0.1461
    3.0119    3.6544    4.0125    1.7578    1.7005    0.1445
    3.0041    3.6553    4.0086    1.7608    1.7083    0.1429
    2.9962    3.6563    4.0047    1.7638    1.7162    0.1414
    2.9882    3.6572    4.0008    1.7668    1.7242    0.1398
    2.9801    3.6582    3.9968    1.7697    1.7323    0.1382
    2.9720    3.6593    3.9929    1.7727    1.7404    0.1367
    2.9637    3.6603    3.9889    1.7756    1.7487    0.1351
    2.9554    3.6614    3.9849    1.7785    1.7570    0.1335
    2.9469    3.6625    3.9809    1.7813    1.7654    0.1319
    2.9384    3.6637    3.9769    1.7842    1.7740    0.1304
    2.9298    3.6649    3.9729    1.7870    1.7826    0.1288
    2.9211    3.6662    3.9688    1.7898    1.7913    0.1272
    2.9122    3.6674    3.9648    1.7925    1.8002    0.1257
    2.9033    3.6688    3.9608    1.7953    1.8091    0.1241
    2.8942    3.6701    3.9567    1.7979    1.8182    0.1225
    2.8851    3.6715    3.9527    1.8006    1.8273    0.1210
    2.8758    3.6730    3.9486    1.8032    1.8366    0.1194
    2.8664    3.6745    3.9446    1.8057    1.8460    0.1178
    2.8569    3.6760    3.9405    1.8082    1.8555    0.1162
    2.8472    3.6776    3.9365    1.8107    1.8652    0.1147
    2.8375    3.6793    3.9324    1.8131    1.8749    0.1131
    2.8276    3.6810    3.9284    1.8154    1.8848    0.1115
    2.8175    3.6827    3.9244    1.8177    1.8949    0.1100
    2.8074    3.6845    3.9204    1.8199    1.9050    0.1084
    2.7970    3.6864    3.9164    1.8220    1.9154    0.1068
    2.7866    3.6883    3.9124    1.8240    1.9258    0.1052
    2.7760    3.6903    3.9085    1.8260    1.9364    0.1037
    2.7652    3.6923    3.9045    1.8279    1.9472    0.1021
    2.7543    3.6944    3.9006    1.8297    1.9581    0.1005
    2.7432    3.6966    3.8968    1.8314    1.9692    0.0990
    2.7320    3.6989    3.8929    1.8330    1.9804    0.0974
    2.7206    3.7012    3.8891    1.8345    1.9918    0.0958
    2.7090    3.7036    3.8853    1.8359    2.0034    0.0942
    2.6972    3.7060    3.8815    1.8372    2.0152    0.0927
    2.3080    4.4747    3.8966    2.7655    1.9668    5.8735
    2.8642    4.8278    3.7596    3.4693    2.0611    5.0358
    2.6853    4.4630    3.7832    4.3202    4.2561    3.2327
    2.6732    4.4683    3.7812    4.3169    4.2440    3.2311
    2.6609    4.4736    3.7793    4.3135    4.2317    3.2296
    2.6485    4.4790    3.7774    4.3099    4.2192    3.2280
    2.6358    4.4844    3.7757    4.3062    4.2066    3.2264
    2.6229    4.4898    3.7741    4.3024    4.1937    3.2248
    2.6099    4.4953    3.7726    4.2984    4.1807    3.2233
    2.5967    4.5008    3.7713    4.2943    4.1675    3.2217
    2.5832    4.5063    3.7700    4.2901    4.1540    3.2201
    2.5696    4.5118    3.7689    4.2858    4.1404    3.2186
    2.5557    4.5172    3.7679    4.2813    4.1265    3.2170
    2.5417    4.5227    3.7670    4.2767    4.1125    3.2154
    2.5274    4.5282    3.7662    4.2719    4.0982    3.2138
    2.5129    4.5337    3.7656    4.2671    4.0837    3.2123
    2.4982    4.5392    3.7652    4.2621    4.0690    3.2107
    2.4833    4.5446    3.7648    4.2569    4.0541    3.2091
    2.4682    4.5500    3.7647    4.2517    4.0390    3.2076
    2.4529    4.5554    3.7647    4.2463    4.0237    3.2060
    2.4373    4.5607    3.7648    4.2409    4.0081    3.2044
    2.4216    4.5660    3.7651    4.2353    3.9924    3.2029
    2.4056    4.5712    3.7656    4.2296    3.9764    3.2013
    2.3894    4.5763    3.7663    4.2238    3.9602    3.1997
    2.3730    4.5814    3.7671    4.2179    3.9438    3.1981
    2.3564    4.5864    3.7681    4.2118    3.9272    3.1966
    2.3396    4.5914    3.7693    4.2057    3.9104    3.1950
    2.3225    4.5962    3.7707    4.1995    3.8933    3.1934
    2.3053    4.6009    3.7723    4.1932    3.8761    3.1919
    2.2879    4.6056    3.7740    4.1868    3.8587    3.1903
    2.2702    4.6101    3.7760    4.1803    3.8410    3.1887
    2.2524    4.6145    3.7782    4.1738    3.8232    3.1871
    2.2344    4.6187    3.7805    4.1671    3.8052    3.1856
    2.2162    4.6229    3.7831    4.1604    3.7870    3.1840
    2.1978    4.6269    3.7858    4.1536    3.7686    3.1824
    2.1793    4.6307    3.7888    4.1468    3.7501    3.1809
    2.1606    4.6344    3.7920    4.1399    3.7314    3.1793
    2.1418    4.6380    3.7954    4.1330    3.7126    3.1777
    2.1228    4.6413    3.7991    4.1260    3.6936    3.1761
    2.1036    4.6445    3.8029    4.1189    3.6744    3.1746
    2.0843    4.6476    3.8070    4.1118    3.6551    3.1730
    2.0649    4.6504    3.8113    4.1047    3.6357    3.1714
    2.0454    4.6531    3.8158    4.0975    3.6162    3.1699
    2.0258    4.6555    3.8205    4.0903    3.5966    3.1683
    2.0061    4.6578    3.8255    4.0830    3.5769    3.1667
    1.9863    4.6599    3.8307    4.0757    3.5570    3.1652
    1.9664    4.6618    3.8361    4.0684    3.5372    3.1636
    1.9464    4.6635    3.8418    4.0611    3.5172    3.1620
    1.9264    4.6650    3.8477    4.0537    3.4972    3.1604
    1.9063    4.6662    3.8538    4.0464    3.4771    3.1589
    1.8862    4.6673    3.8601    4.0389    3.4571    3.1573
    1.8661    4.6681    3.8667    4.0315    3.4369    3.1557
    1.8460    4.6688    3.8735    4.0241    3.4168    3.1542
    1.8258    4.6692    3.8806    4.0166    3.3967    3.1526
    1.8057    4.6694    3.8879    4.0091    3.3765    3.1510
    1.7856    4.6693    3.8954    4.0016    3.3564    3.1494
    1.7655    4.6691    3.9032    3.9941    3.3363    3.1479
    1.7454    4.6687    3.9111    3.9865    3.3162    3.1463
    1.7254    4.6680    3.9194    3.9790    3.2962    3.1447
    1.7055    4.6671    3.9278    3.9714    3.2763    3.1432
    1.6856    4.6661    3.9365    3.9638    3.2564    3.1416