0 -1.5708 0 -1.5708 0 0 -1 ;
4.15863 5.12382 6.07959 4.98746 6.0532 1.07139 -1 ;
5.34241 4.26977 4.63099 0.524021 5.65317 0.785398 7 ;
5.33115 4.26119 4.63687 0.526718 5.66442 0.782256 7 ;
5.32009 4.25267 4.6428 0.529308 5.67548 0.779115 7 ;
5.30923 4.24421 4.64878 0.531794 5.68635 0.775973 7 ;
5.29855 4.23581 4.65479 0.534181 5.69702 0.772832 7 ;
5.28806 4.22747 4.66083 0.536474 5.70751 0.769691 7 ;
5.27775 4.2192 4.6669 0.538675 5.71782 0.766548 7 ;
5.26762 4.21101 4.67298 0.540789 5.72795 0.763407 7 ;
5.25766 4.20288 4.67908 0.542819 5.73791 0.760266 7 ;
5.24787 4.19483 4.68518 0.544766 5.7477 0.757124 7 ;
5.23825 4.18686 4.69128 0.54664 5.75733 0.753982 7 ;
5.22878 4.17897 4.69737 0.548439 5.76679 0.750841 7 ;
5.21948 4.17116 4.70344 0.550169 5.7761 0.747699 7 ;
5.21033 4.16344 4.7095 0.551835 5.78525 0.744557 7 ;
5.20133 4.1558 4.71554 0.553436 5.79425 0.741416 7 ;
5.19247 4.14825 4.72154 0.554982 5.8031 0.738275 7 ;
5.18376 4.14079 4.72752 0.556472 5.81181 0.735133 7 ;
5.17519 4.13342 4.73345 0.557913 5.82039 0.731991 7 ;
5.16675 4.12614 4.73933 0.559304 5.82882 0.72885 7 ;
5.15845 4.11895 4.74517 0.560653 5.83712 0.725708 7 ;
5.15028 4.11186 4.75095 0.561961 5.84529 0.722566 7 ;
5.14223 4.10487 4.75668 0.563232 5.85334 0.719425 7 ;
5.13431 4.09797 4.76234 0.564467 5.86126 0.716284 7 ;
5.12651 4.09117 4.76794 0.565672 5.86906 0.713142 7 ;
5.11883 4.08447 4.77346 0.566851 5.87675 0.71 7 ;
5.11125 4.07786 4.77891 0.568004 5.88432 0.706858 7 ;
5.1038 4.07136 4.78428 0.569137 5.89178 0.703716 7 ;

