0 -1.5708 0 -1.5708 0 0 -1 ;
4.15863 5.12382 6.07959 4.98746 6.0532 1.07139 -1 ;
5.34241 4.26977 4.63099 0.524021 5.65317 0.785398 7 ;
5.33115 4.26119 4.63687 0.526718 5.66442 0.782256 7 ;
5.32009 4.25267 4.6428 0.529308 5.67548 0.779115 7 ;
5.30923 4.24421 4.64878 0.531794 5.68635 0.775973 7 ;
5.29855 4.23581 4.65479 0.534181 5.69702 0.772832 7 ;
5.28806 4.22747 4.66083 0.536474 5.70751 0.769691 7 ;
5.27775 4.2192 4.6669 0.538675 5.71782 0.766548 7 ;
5.26762 4.21101 4.67298 0.540789 5.72795 0.763407 7 ;
5.25766 4.20288 4.67908 0.542819 5.73791 0.760266 7 ;
5.24787 4.19483 4.68518 0.544766 5.7477 0.757124 7 ;
5.23825 4.18686 4.69128 0.54664 5.75733 0.753982 7 ;
5.22878 4.17897 4.69737 0.548439 5.76679 0.750841 7 ;
5.21948 4.17116 4.70344 0.550169 5.7761 0.747699 7 ;
5.21033 4.16344 4.7095 0.551835 5.78525 0.744557 7 ;
5.20133 4.1558 4.71554 0.553436 5.79425 0.741416 7 ;
5.19247 4.14825 4.72154 0.554982 5.8031 0.738275 7 ;
5.18376 4.14079 4.72752 0.556472 5.81181 0.735133 7 ;
5.17519 4.13342 4.73345 0.557913 5.82039 0.731991 7 ;
5.16675 4.12614 4.73933 0.559304 5.82882 0.72885 7 ;
5.15845 4.11895 4.74517 0.560653 5.83712 0.725708 7 ;
5.15028 4.11186 4.75095 0.561961 5.84529 0.722566 7 ;
5.14223 4.10487 4.75668 0.563232 5.85334 0.719425 7 ;
5.13431 4.09797 4.76234 0.564467 5.86126 0.716284 7 ;
5.12651 4.09117 4.76794 0.565672 5.86906 0.713142 7 ;
5.11883 4.08447 4.77346 0.566851 5.87675 0.71 7 ;
5.11125 4.07786 4.77891 0.568004 5.88432 0.706858 7 ;
5.1038 4.07136 4.78428 0.569137 5.89178 0.703716 7 ;
5.45938 4.79581 4.48664 0.271461 4.39867 2.51855 -1 ;
1.16062 4.36914 5.9426 6.03812 3.90288 1.72742 -1 ;
1.50787 5.19551 1.21471 6.15615 3.07866 3.84217 10 ;
1.50202 5.20088 1.21171 6.15379 3.07281 3.83903 10 ;
1.49623 5.20614 1.20879 6.15144 3.06703 3.83588 10 ;
1.49051 5.21131 1.20594 6.14912 3.06131 3.83274 10 ;
1.48485 5.21638 1.20317 6.14682 3.05564 3.8296 10 ;
1.47924 5.22135 1.20049 6.14453 3.05004 3.82646 10 ;
1.47369 5.22622 1.1979 6.14225 3.04449 3.82332 10 ;
1.46819 5.23098 1.1954 6.13999 3.03899 3.82018 10 ;
1.46275 5.23564 1.193 6.13773 3.03354 3.81704 10 ;
1.45735 5.2402 1.19069 6.13548 3.02815 3.81389 10 ;
1.452 5.24465 1.18849 6.13323 3.0228 3.81075 10 ;
1.4467 5.24899 1.1864 6.13098 3.01749 3.80761 10 ;
1.44144 5.25322 1.18441 6.12874 3.01224 3.80447 10 ;
1.43622 5.25734 1.18254 6.12649 3.00702 3.80133 10 ;
1.43105 5.26136 1.18078 6.12423 3.00184 3.79819 10 ;
1.42591 5.26526 1.17914 6.12197 2.9967 3.79504 10 ;
1.42081 5.26905 1.17762 6.1197 2.99161 3.7919 10 ;
1.41575 5.27272 1.17622 6.11742 2.98654 3.78876 10 ;
1.41072 5.27629 1.17495 6.11513 2.98151 3.78562 10 ;
1.40572 5.27974 1.1738 6.11283 2.97652 3.78248 10 ;
1.40075 5.28307 1.17279 6.1105 2.97155 3.77934 10 ;
1.39582 5.2863 1.17191 6.10817 2.96661 3.77619 10 ;
1.39091 5.2894 1.17116 6.10581 2.96171 3.77305 10 ;
1.38603 5.29239 1.17054 6.10343 2.95683 3.76991 10 ;
1.38118 5.29527 1.17007 6.10103 2.95198 3.76677 10 ;
1.37635 5.29803 1.16973 6.09861 2.94715 3.76363 10 ;
1.37154 5.30067 1.16953 6.09617 2.94234 3.76049 10 ;
1.36676 5.3032 1.16947 6.0937 2.93756 3.75735 10 ;
1.362 5.30561 1.16956 6.0912 2.93279 3.7542 10 ;
1.35726 5.30791 1.16978 6.08868 2.92805 3.75106 10 ;
1.35253 5.31009 1.17016 6.08613 2.92333 3.74792 10 ;
1.34782 5.31215 1.17067 6.08355 2.91862 3.74478 10 ;
1.34313 5.3141 1.17134 6.08094 2.91393 3.74164 10 ;
1.33846 5.31593 1.17215 6.07829 2.90925 3.73849 10 ;
1.33379 5.31765 1.1731 6.07562 2.90459 3.73535 10 ;
1.32914 5.31925 1.17421 6.07292 2.89994 3.73221 10 ;
1.32451 5.32073 1.17546 6.07018 2.8953 3.72907 10 ;
1.31988 5.3221 1.17686 6.06741 2.89068 3.72593 10 ;
1.31526 5.32336 1.1784 6.06461 2.88606 3.72279 10 ;
1.31066 5.32451 1.1801 6.06177 2.88145 3.71965 10 ;
1.30606 5.32554 1.18194 6.05889 2.87685 3.7165 10 ;
1.30146 5.32645 1.18393 6.05599 2.87226 3.71336 10 ;
1.29687 5.32726 1.18606 6.05305 2.86767 3.71022 10 ;
1.29229 5.32795 1.18835 6.05007 2.86309 3.70708 10 ;
1.28771 5.32854 1.19077 6.04706 2.85851 3.70394 10 ;
1.28313 5.32901 1.19335 6.04401 2.85393 3.7008 10 ;
1.27856 5.32938 1.19606 6.04093 2.84936 3.69766 10 ;
1.27399 5.32963 1.19893 6.03781 2.84478 3.69451 10 ;
1.26941 5.32978 1.20193 6.03466 2.84021 3.69137 10 ;
1.26484 5.32982 1.20507 6.03148 2.83563 3.68823 10 ;
1.26026 5.32975 1.20836 6.02826 2.83106 3.68509 10 ;
1.25568 5.32958 1.21179 6.025 2.82648 3.68195 10 ;
1.2511 5.32931 1.21535 6.02172 2.8219 3.6788 10 ;
1.24651 5.32893 1.21905 6.01839 2.81731 3.67566 10 ;
1.24192 5.32845 1.22288 6.01504 2.81272 3.67252 10 ;
1.23732 5.32786 1.22686 6.01165 2.80812 3.66938 10 ;
1.23272 5.32718 1.23096 6.00823 2.80351 3.66624 10 ;
1.2281 5.3264 1.23519 6.00478 2.7989 3.6631 10 ;
1.22348 5.32552 1.23955 6.0013 2.79428 3.65996 10 ;
1.21885 5.32454 1.24405 5.99778 2.78964 3.65681 10 ;
1.2142 5.32346 1.24867 5.99424 2.785 3.65367 10 ;
1.20955 5.32229 1.25341 5.99067 2.78035 3.65053 10 ;
1.20488 5.32102 1.25828 5.98707 2.77568 3.64739 10 ;
1.2002 5.31966 1.26327 5.98344 2.771 3.64425 10 ;
1.19551 5.31821 1.26838 5.97978 2.76631 3.64111 10 ;
1.1908 5.31667 1.2736 5.9761 2.7616 3.63796 10 ;
1.18608 5.31504 1.27894 5.97239 2.75688 3.63482 10 ;
1.18134 5.31332 1.2844 5.96866 2.75213 3.63168 10 ;
1.17658 5.3115 1.28997 5.9649 2.74738 3.62854 10 ;
1.1718 5.30961 1.29564 5.96112 2.7426 3.6254 10 ;
1.16701 5.30763 1.30143 5.95731 2.7378 3.62226 10 ;
1.16219 5.30556 1.30732 5.95349 2.73299 3.61912 10 ;
1.15735 5.30341 1.31332 5.94964 2.72815 3.61597 10 ;
1.1525 5.30118 1.31942 5.94577 2.72329 3.61283 10 ;
1.14761 5.29886 1.32562 5.94189 2.71841 3.60969 10 ;
1.14271 5.29647 1.33192 5.93798 2.71351 3.60655 10 ;
1.13778 5.294 1.33831 5.93406 2.70858 3.60341 10 ;
1.13283 5.29144 1.3448 5.93012 2.70362 3.60026 10 ;
1.12785 5.28882 1.35138 5.92617 2.69864 3.59712 10 ;
1.12284 5.28611 1.35806 5.9222 2.69363 3.59398 10 ;
1.1178 5.28333 1.36482 5.91822 2.6886 3.59084 10 ;
1.11273 5.28048 1.37166 5.91423 2.68353 3.5877 10 ;
1.10764 5.27755 1.37859 5.91022 2.67843 3.58456 10 ;
1.10251 5.27456 1.38561 5.90621 2.67331 3.58142 10 ;
1.09735 5.27149 1.3927 5.90218 2.66815 3.57827 10 ;
1.09216 5.26835 1.39987 5.89815 2.66296 3.57513 10 ;
1.08694 5.26514 1.40712 5.8941 2.65773 3.57199 10 ;
1.08168 5.26187 1.41445 5.89005 2.65247 3.56885 10 ;
1.07638 5.25853 1.42184 5.886 2.64717 3.56571 10 ;
1.07105 5.25512 1.42931 5.88194 2.64184 3.56257 10 ;
1.06568 5.25165 1.43684 5.87787 2.63647 3.55942 10 ;
1.06027 5.24812 1.44445 5.87381 2.63106 3.55628 10 ;
1.05482 5.24452 1.45211 5.86974 2.62561 3.55314 10 ;
1.04933 5.24086 1.45984 5.86567 2.62012 3.55 10 ;
1.04379 5.23714 1.46763 5.8616 2.61459 3.54686 10 ;
1.03822 5.23336 1.47548 5.85753 2.60901 3.54372 10 ;
1.0326 5.22952 1.48339 5.85346 2.6034 3.54058 10 ;
1.02694 5.22562 1.49135 5.8494 2.59773 3.53743 10 ;
1.02123 5.22166 1.49937 5.84534 2.59202 3.53429 10 ;
1.01547 5.21765 1.50743 5.84129 2.58626 3.53115 10 ;
1.00966 5.21358 1.51555 5.83723 2.58045 3.52801 10 ;
1.0038 5.20946 1.52371 5.83319 2.5746 3.52487 10 ;
0.997894 5.20528 1.53192 5.82916 2.56869 3.52173 10 ;
0.991933 5.20105 1.54018 5.82514 2.56273 3.51858 10 ;
0.985919 5.19677 1.54848 5.82112 2.55672 3.51544 10 ;
0.979851 5.19244 1.55682 5.81712 2.55065 3.5123 10 ;
0.973728 5.18805 1.56519 5.81313 2.54452 3.50916 10 ;
0.967547 5.18362 1.57361 5.80915 2.53834 3.50602 10 ;
0.961308 5.17913 1.58206 5.80518 2.5321 3.50288 10 ;
0.955009 5.1746 1.59054 5.80123 2.5258 3.49973 10 ;
0.948648 5.17002 1.59906 5.7973 2.51944 3.49659 10 ;
0.942224 5.16539 1.6076 5.79338 2.51302 3.49345 10 ;
0.93574 5.16071 1.61618 5.78948 2.50654 3.49031 10 ;
0.929188 5.15599 1.62478 5.7856 2.49998 3.48717 10 ;
0.92257 5.15123 1.6334 5.78174 2.49337 3.48403 10 ;
0.915885 5.14642 1.64205 5.7779 2.48668 3.48088 10 ;
0.909131 5.14157 1.65072 5.77408 2.47993 3.47774 10 ;
0.902307 5.13667 1.65941 5.77029 2.4731 3.4746 10 ;
0.895409 5.13173 1.66812 5.76652 2.46621 3.47146 10 ;
0.888438 5.12675 1.67685 5.76277 2.45923 3.46832 10 ;
0.881391 5.12173 1.68559 5.75905 2.45219 3.46518 10 ;
0.874266 5.11667 1.69435 5.75535 2.44506 3.46204 10 ;
0.867066 5.11157 1.70311 5.75169 2.43786 3.45889 10 ;
0.859784 5.10643 1.71189 5.74805 2.43058 3.45575 10 ;
0.852421 5.10125 1.72067 5.74444 2.42322 3.45261 10 ;
0.844974 5.09604 1.72947 5.74087 2.41577 3.44947 10 ;
0.837444 5.09079 1.73826 5.73732 2.40824 3.44633 10 ;
0.829827 5.0855 1.74706 5.73381 2.40062 3.44319 10 ;
0.822121 5.08017 1.75587 5.73033 2.39292 3.44004 10 ;
0.814326 5.07482 1.76467 5.72689 2.38512 3.4369 10 ;
0.806438 5.06943 1.77347 5.72348 2.37723 3.43376 10 ;
0.798456 5.064 1.78226 5.72011 2.36925 3.43062 10 ;
0.790382 5.05854 1.79106 5.71677 2.36118 3.42748 10 ;
0.782209 5.05305 1.79984 5.71348 2.35301 3.42434 10 ;
0.773939 5.04753 1.80862 5.71023 2.34473 3.42119 10 ;
0.765565 5.04198 1.81738 5.70701 2.33636 3.41805 10 ;
0.757092 5.03639 1.82614 5.70384 2.32789 3.41491 10 ;
0.748513 5.03078 1.83488 5.70071 2.31931 3.41177 10 ;
0.739829 5.02514 1.84361 5.69762 2.31063 3.40863 10 ;
0.731035 5.01947 1.85232 5.69458 2.30183 3.40549 10 ;
0.722133 5.01378 1.86101 5.69158 2.29293 3.40234 10 ;
0.713117 5.00806 1.86968 5.68864 2.28391 3.3992 10 ;
0.703987 5.00231 1.87833 5.68573 2.27478 3.39606 10 ;
0.694743 4.99654 1.88695 5.68288 2.26554 3.39292 10 ;
0.68538 4.99074 1.89555 5.68008 2.25618 3.38978 10 ;
0.675897 4.98493 1.90412 5.67732 2.24669 3.38664 10 ;
0.666293 4.97909 1.91266 5.67462 2.23709 3.38349 10 ;
0.656566 4.97323 1.92117 5.67197 2.22736 3.38035 10 ;
0.646711 4.96735 1.92965 5.66937 2.21751 3.37721 10 ;
0.636729 4.96145 1.93809 5.66683 2.20753 3.37407 10 ;
0.626618 4.95553 1.9465 5.66434 2.19741 3.37093 10 ;
0.616374 4.94959 1.95486 5.66191 2.18717 3.36779 10 ;
0.605999 4.94365 1.96319 5.65954 2.1768 3.36465 10 ;
0.595486 4.93768 1.97147 5.65722 2.16628 3.3615 10 ;
0.584835 4.9317 1.97971 5.65496 2.15563 3.35836 10 ;
0.574046 4.92571 1.9879 5.65276 2.14484 3.35522 10 ;
0.563117 4.91971 1.99604 5.65061 2.13391 3.35208 10 ;
0.552045 4.9137 2.00414 5.64853 2.12284 3.34894 10 ;
0.540826 4.90768 2.01217 5.64651 2.11162 3.3458 10 ;
0.529461 4.90166 2.02016 5.64455 2.10026 3.34265 10 ;
0.517947 4.89563 2.02808 5.64266 2.08874 3.33951 10 ;
0.506283 4.88959 2.03595 5.64083 2.07708 3.33637 10 ;
0.494468 4.88356 2.04376 5.63906 2.06526 3.33323 10 ;
0.482499 4.87752 2.0515 5.63735 2.0533 3.33009 10 ;
0.470375 4.87149 2.05918 5.63571 2.04117 3.32695 10 ;
0.458098 4.86546 2.06678 5.63413 2.02889 3.32381 10 ;
0.445662 4.85943 2.07432 5.63262 2.01646 3.32066 10 ;
0.433067 4.85341 2.08179 5.63117 2.00386 3.31752 10 ;
0.420312 4.8474 2.08918 5.62979 1.99111 3.31438 10 ;
0.407397 4.84141 2.09649 5.62848 1.97819 3.31124 10 ;
0.394321 4.83543 2.10372 5.62723 1.96512 3.3081 10 ;
0.381082 4.82946 2.11087 5.62604 1.95188 3.30496 10 ;
0.367681 4.82351 2.11793 5.62493 1.93848 3.30181 10 ;
0.354116 4.81759 2.12491 5.62388 1.92491 3.29867 10 ;
0.340388 4.81168 2.1318 5.62289 1.91118 3.29553 10 ;
0.326497 4.80581 2.13859 5.62197 1.89729 3.29239 10 ;
0.312442 4.79996 2.1453 5.62111 1.88324 3.28925 10 ;
0.298223 4.79415 2.1519 5.62032 1.86902 3.28611 10 ;
0.283843 4.78837 2.15841 5.61959 1.85464 3.28296 10 ;
0.269298 4.78264 2.16481 5.61893 1.84009 3.27982 10 ;
0.254596 4.77694 2.17111 5.61832 1.82539 3.27668 10 ;
0.239731 4.7713 2.17729 5.61778 1.81053 3.27354 10 ;
0.224708 4.7657 2.18338 5.6173 1.7955 3.2704 10 ;
0.20953 4.76015 2.18934 5.61688 1.78033 3.26726 10 ;
0.194196 4.75466 2.19519 5.61651 1.76499 3.26411 10 ;
0.17871 4.74924 2.20093 5.61621 1.74951 3.26097 10 ;
0.163073 4.74387 2.20654 5.61596 1.73387 3.25783 10 ;
0.147288 4.73858 2.21203 5.61576 1.71808 3.25469 10 ;
0.131359 4.73336 2.2174 5.61562 1.70216 3.25155 10 ;
0.115291 4.72822 2.22263 5.61552 1.68609 3.24841 10 ;
0.0990869 4.72316 2.22774 5.61548 1.66988 3.24527 10 ;
0.0827463 4.71818 2.23271 5.61548 1.65354 3.24212 10 ;
0.0662793 4.7133 2.23754 5.61553 1.63708 3.23898 10 ;
0.0496894 4.70851 2.24224 5.61562 1.62049 3.23584 10 ;
0.0329808 4.70383 2.24679 5.61575 1.60378 3.2327 10 ;
0.0161578 4.69924 2.25121 5.61592 1.58695 3.22956 10 ;
6.28241 4.69477 2.25547 5.61613 1.57002 3.22642 10 ;
6.26538 4.69041 2.25959 5.61637 1.55299 3.22327 10 ;
6.24826 4.68617 2.26356 5.61664 1.53587 3.22013 10 ;
6.23105 4.68206 2.26738 5.61693 1.51866 3.21699 10 ;
6.21375 4.67808 2.27103 5.61726 1.50136 3.21385 10 ;
6.19639 4.67423 2.27453 5.61761 1.484 3.21071 10 ;
6.17895 4.67051 2.27788 5.61798 1.46656 3.20757 10 ;
6.16146 4.66695 2.28106 5.61836 1.44907 3.20442 10 ;
6.14392 4.66353 2.28408 5.61876 1.43153 3.20128 10 ;
6.12634 4.66026 2.28693 5.61918 1.41395 3.19814 10 ;
6.10873 4.65715 2.28962 5.6196 1.39634 3.195 10 ;
6.09109 4.65419 2.29214 5.62004 1.3787 3.19186 10 ;
6.07343 4.65141 2.29449 5.62047 1.36105 3.18872 10 ;
6.05578 4.64879 2.29667 5.62091 1.34339 3.18557 10 ;
6.03812 4.64635 2.29867 5.62135 1.32573 3.18243 10 ;
6.02048 4.64408 2.3005 5.62179 1.30809 3.17929 10 ;
6.00287 4.64199 2.30216 5.62222 1.29048 3.17615 10 ;
5.98528 4.64009 2.30364 5.62265 1.27289 3.17301 10 ;
5.96774 4.63837 2.30494 5.62306 1.25535 3.16987 10 ;
5.95024 4.63684 2.30607 5.62347 1.23785 3.16673 10 ;
5.93281 4.63549 2.30702 5.62386 1.22042 3.16358 10 ;
5.91544 4.63434 2.30779 5.62424 1.20305 3.16044 10 ;
5.89816 4.63339 2.30838 5.6246 1.18577 3.1573 10 ;
5.88096 4.63262 2.30879 5.62496 1.16857 3.15416 10 ;
5.86386 4.63206 2.30902 5.62529 1.15147 3.15102 10 ;
5.84686 4.63169 2.30908 5.6256 1.13447 3.14788 10 ;
5.82997 4.63152 2.30895 5.6259 1.11758 3.14473 10 ;
5.8132 4.63155 2.30865 5.62618 1.10082 3.14159 10 ;
5.79657 4.63177 2.30817 5.62643 1.08418 3.13845 10 ;
5.78006 4.63219 2.30751 5.62667 1.06768 3.13531 10 ;
5.76371 4.63281 2.30667 5.62689 1.05132 3.13217 10 ;
5.74749 4.63361 2.30566 5.6271 1.0351 3.12903 10 ;
5.73143 4.63462 2.30447 5.62728 1.01905 3.12589 10 ;
5.71554 4.63581 2.30311 5.62745 1.00315 3.12274 10 ;
5.69981 4.63719 2.30158 5.6276 0.987422 3.1196 10 ;
5.68425 4.63876 2.29988 5.62774 0.971862 3.11646 10 ;
5.66887 4.6405 2.298 5.62786 0.956478 3.11332 10 ;
5.65366 4.64244 2.29596 5.62797 0.941276 3.11018 10 ;
5.63865 4.64454 2.29375 5.62807 0.926256 3.10703 10 ;
5.62381 4.64682 2.29138 5.62816 0.911424 3.10389 10 ;
5.60917 4.64927 2.28885 5.62825 0.896779 3.10075 10 ;
5.59472 4.65189 2.28615 5.62833 0.882328 3.09761 10 ;
5.58046 4.65467 2.2833 5.6284 0.86807 3.09447 10 ;
5.5664 4.65761 2.28029 5.62847 0.85401 3.09133 10 ;
5.55253 4.6607 2.27713 5.62854 0.840145 3.08819 10 ;
5.53887 4.66395 2.27381 5.62861 0.826483 3.08504 10 ;
5.5254 4.66734 2.27034 5.62869 0.813014 3.0819 10 ;
5.51214 4.67087 2.26673 5.62877 0.799748 3.07876 10 ;
5.49907 4.67453 2.26298 5.62886 0.786681 3.07562 10 ;
5.4862 4.67833 2.25908 5.62897 0.773815 3.07248 10 ;
5.47353 4.68225 2.25504 5.62908 0.761143 3.06934 10 ;
5.46106 4.6863 2.25087 5.6292 0.748671 3.06619 10 ;
5.44878 4.69047 2.24656 5.62935 0.736394 3.06305 10 ;
5.43671 4.69474 2.24212 5.62951 0.724316 3.05991 10 ;
5.42482 4.69913 2.23755 5.62969 0.71243 3.05677 10 ;
5.41313 4.70363 2.23285 5.62989 0.700737 3.05363 10 ;
5.40162 4.70822 2.22804 5.63011 0.689233 3.05049 10 ;
5.39031 4.71291 2.2231 5.63036 0.677917 3.04735 10 ;
5.37918 4.71769 2.21805 5.63064 0.666788 3.0442 10 ;
5.36823 4.72255 2.21288 5.63094 0.655841 3.04106 10 ;
5.35746 4.7275 2.2076 5.63127 0.645076 3.03792 10 ;
5.34688 4.73253 2.20221 5.63163 0.634488 3.03478 10 ;
5.33647 4.73763 2.19672 5.63203 0.624076 3.03164 10 ;
5.32623 4.7428 2.19112 5.63245 0.613838 3.0285 10 ;
5.31616 4.74804 2.18542 5.63291 0.60377 3.02535 10 ;
5.30626 4.75334 2.17963 5.6334 0.593872 3.02221 10 ;
5.29652 4.7587 2.17374 5.63394 0.584134 3.01907 10 ;
5.28695 4.76411 2.16776 5.6345 0.574558 3.01593 10 ;
5.27753 4.76958 2.16169 5.63511 0.565142 3.01279 10 ;
5.26827 4.7751 2.15553 5.63574 0.55588 3.00965 10 ;
5.25916 4.78066 2.14929 5.63642 0.546769 3.0065 10 ;
5.2502 4.78626 2.14297 5.63714 0.537808 3.00336 10 ;
5.24138 4.7919 2.13657 5.63789 0.528993 3.00022 10 ;
5.23271 4.79758 2.1301 5.63869 0.520322 2.99708 10 ;
5.22418 4.8033 2.12356 5.63952 0.511791 2.99394 10 ;
5.21579 4.80904 2.11694 5.64039 0.503397 2.9908 10 ;
5.20752 4.81481 2.11026 5.6413 0.495134 2.98765 10 ;
5.19939 4.82061 2.10351 5.64225 0.487004 2.98451 10 ;
5.19139 4.82643 2.0967 5.64324 0.479001 2.98137 10 ;
5.18351 4.83227 2.08983 5.64427 0.471123 2.97823 10 ;
5.17576 4.83813 2.08291 5.64533 0.463366 2.97509 10 ;
5.16812 4.844 2.07593 5.64644 0.455729 2.97195 10 ;
5.1606 4.84989 2.0689 5.64758 0.448211 2.96881 10 ;
5.15319 4.85579 2.06182 5.64875 0.440802 2.96566 10 ;
5.14589 4.8617 2.0547 5.64997 0.433506 2.96252 10 ;
5.13871 4.86762 2.04753 5.65122 0.426318 2.95938 10 ;
5.13162 4.87355 2.04031 5.65251 0.419233 2.95624 10 ;
5.12464 4.87948 2.03306 5.65383 0.412253 2.9531 10 ;
5.11776 4.88541 2.02577 5.65519 0.405373 2.94996 10 ;
5.11098 4.89134 2.01845 5.65658 0.39859 2.94681 10 ;
5.10429 4.89728 2.01109 5.658 0.391902 2.94367 10 ;
5.09769 4.90321 2.00371 5.65946 0.385305 2.94053 10 ;
5.09119 4.90914 1.99629 5.66094 0.3788 2.93739 10 ;
5.08477 4.91506 1.98885 5.66246 0.372383 2.93425 10 ;
5.07844 4.92097 1.98139 5.66401 0.366052 2.93111 10 ;
5.07219 4.92688 1.97391 5.66558 0.359805 2.92796 10 ;
5.06603 4.93278 1.9664 5.66718 0.353637 2.92482 10 ;
5.05994 4.93867 1.95889 5.66881 0.347549 2.92168 10 ;
5.05393 4.94455 1.95135 5.67047 0.341538 2.91854 10 ;
5.04799 4.95042 1.94381 5.67215 0.335602 2.9154 10 ;
5.04213 4.95627 1.93625 5.67385 0.329737 2.91226 10 ;
5.03633 4.9621 1.92869 5.67558 0.323944 2.90912 10 ;
5.03061 4.96792 1.92112 5.67732 0.31822 2.90597 10 ;
5.02495 4.97373 1.91355 5.67909 0.312563 2.90283 10 ;
5.01936 4.97951 1.90598 5.68088 0.306971 2.89969 10 ;
5.01383 4.98528 1.8984 5.68268 0.301443 2.89655 10 ;
5.00836 4.99103 1.89083 5.68451 0.295975 2.89341 10 ;
5.00296 4.99675 1.88327 5.68635 0.290568 2.89027 10 ;
4.99761 5.00246 1.87571 5.6882 0.285218 2.88712 10 ;
4.99231 5.00814 1.86816 5.69007 0.279925 2.88398 10 ;
4.98708 5.0138 1.86063 5.69195 0.274686 2.88084 10 ;
4.98189 5.01943 1.8531 5.69384 0.269499 2.8777 10 ;
4.97676 5.02504 1.84559 5.69574 0.264368 2.87456 10 ;
4.97167 5.03062 1.8381 5.69765 0.259282 2.87142 10 ;
4.96664 5.03618 1.83062 5.69957 0.254247 2.86827 10 ;
4.96165 5.0417 1.82317 5.70149 0.24926 2.86513 10 ;
4.95671 5.0472 1.81575 5.70342 0.244316 2.86199 10 ;
4.95181 5.05267 1.80834 5.70536 0.239417 2.85885 10 ;
4.94695 5.05811 1.80097 5.7073 0.234562 2.85571 10 ;
4.94214 5.06351 1.79362 5.70923 0.229748 2.85257 10 ;
4.93736 5.06889 1.78631 5.71117 0.224972 2.84942 10 ;
4.93263 5.07423 1.77903 5.71311 0.220237 2.84628 10 ;
4.92793 5.07954 1.77179 5.71504 0.215538 2.84314 10 ;
4.92327 5.08481 1.76458 5.71698 0.210877 2.84 10 ;
4.91864 5.09005 1.75742 5.7189 0.206251 2.83686 10 ;
4.91405 5.09526 1.75029 5.72082 0.201659 2.83372 10 ;
4.90949 5.10042 1.74321 5.72273 0.197098 2.83057 10 ;
4.90496 5.10555 1.73618 5.72464 0.192569 2.82743 10 ;
4.90046 5.11064 1.72919 5.72653 0.188071 2.82429 10 ;
4.89599 5.1157 1.72226 5.72842 0.183603 2.82115 10 ;
4.89155 5.12071 1.71538 5.73028 0.179161 2.81801 10 ;
4.88714 5.12568 1.70855 5.73214 0.174746 2.81487 10 ;
4.88275 5.13061 1.70178 5.73398 0.17036 2.81173 10 ;
4.87838 5.1355 1.69507 5.7358 0.165995 2.80858 10 ;
4.87405 5.14035 1.68841 5.73761 0.161657 2.80544 10 ;
4.86973 5.14515 1.68183 5.73939 0.157341 2.8023 10 ;
4.86543 5.14991 1.6753 5.74116 0.153046 2.79916 10 ;
4.86116 5.15462 1.66885 5.7429 0.148772 2.79602 10 ;
4.85691 5.15929 1.66246 5.74462 0.144519 2.79288 10 ;
4.85267 5.16391 1.65615 5.74632 0.140284 2.78973 10 ;
4.84846 5.16848 1.6499 5.74798 0.136066 2.78659 10 ;
4.84425 5.17301 1.64374 5.74962 0.131866 2.78345 10 ;
4.84007 5.17749 1.63765 5.75123 0.127682 2.78031 10 ;
4.8359 5.18191 1.63164 5.75282 0.123513 2.77717 10 ;
4.83175 5.18629 1.62572 5.75437 0.119359 2.77403 10 ;
4.82761 5.19061 1.61987 5.75588 0.115219 2.77089 10 ;
4.82348 5.19489 1.61412 5.75736 0.111089 2.76774 10 ;
4.81936 5.19911 1.60845 5.75881 0.106972 2.7646 10 ;
4.81525 5.20327 1.60288 5.76022 0.102866 2.76146 10 ;
4.81116 5.20739 1.59739 5.76159 0.0987695 2.75832 10 ;
4.80707 5.21144 1.59201 5.76292 0.0946809 2.75518 10 ;
4.80299 5.21544 1.58672 5.76421 0.0906007 2.75204 10 ;
4.79892 5.21939 1.58153 5.76545 0.086528 2.74889 10 ;
4.79485 5.22327 1.57644 5.76666 0.0824623 2.74575 10 ;
4.79079 5.2271 1.57146 5.76781 0.0784023 2.74261 10 ;
4.78674 5.23087 1.56658 5.76892 0.0743474 2.73947 10 ;
4.78268 5.23458 1.56181 5.76999 0.0702949 2.73633 10 ;
4.77863 5.23823 1.55715 5.771 0.0662458 2.73319 10 ;
4.77459 5.24181 1.5526 5.77196 0.0621994 2.73004 10 ;
4.77054 5.24534 1.54817 5.77287 0.0581546 2.7269 10 ;
4.7665 5.2488 1.54385 5.77372 0.0541089 2.72376 10 ;
4.76245 5.2522 1.53965 5.77452 0.0500634 2.72062 10 ;
4.75841 5.25553 1.53557 5.77527 0.0460189 2.71748 10 ;
4.75436 5.2588 1.53162 5.77595 0.0419693 2.71434 10 ;
4.75031 5.262 1.52779 5.77658 0.037919 2.71119 10 ;
4.74625 5.26514 1.52409 5.77715 0.0338655 2.70805 10 ;
4.7422 5.2682 1.52051 5.77765 0.0298063 2.70491 10 ;
4.73813 5.2712 1.51707 5.7781 0.0257421 2.70177 10 ;
4.73406 5.27414 1.51376 5.77847 0.0216723 2.69863 10 ;
4.72998 5.277 1.51059 5.77879 0.0175958 2.69549 10 ;
4.7259 5.27979 1.50755 5.77903 0.0135103 2.69234 10 ;
4.72181 5.28251 1.50465 5.77921 0.00941648 2.6892 10 ;
4.7177 5.28516 1.50189 5.77932 0.00531358 2.68606 10 ;
4.71359 5.28774 1.49927 5.77936 0.00120075 2.68292 10 ;
4.70947 5.29025 1.4968 5.77933 6.28026 2.67978 10 ;
4.70533 5.29268 1.49447 5.77922 6.27613 2.67664 10 ;
4.70118 5.29504 1.49229 5.77904 6.27198 2.6735 10 ;
4.69702 5.29732 1.49026 5.77879 6.26781 2.67035 10 ;
4.69284 5.29954 1.48838 5.77846 6.26364 2.66721 10 ;
4.68865 5.30167 1.48665 5.77805 6.25944 2.66407 10 ;
4.68444 5.30373 1.48507 5.77756 6.25523 2.66093 10 ;
4.68021 5.30572 1.48366 5.777 6.25101 2.65779 10 ;
4.67597 5.30763 1.48239 5.77635 6.24676 2.65465 10 ;
4.6717 5.30946 1.48129 5.77562 6.2425 2.6515 10 ;
4.66742 5.31121 1.48034 5.77481 6.23821 2.64836 10 ;
4.66311 5.31289 1.47956 5.77392 6.23391 2.64522 10 ;
4.65878 5.31449 1.47894 5.77294 6.22958 2.64208 10 ;
4.65443 5.31602 1.47847 5.77188 6.22523 2.63894 10 ;
4.65006 5.31746 1.47818 5.77073 6.22085 2.6358 10 ;
4.64566 5.31883 1.47804 5.7695 6.21645 2.63265 10 ;
4.64123 5.32012 1.47808 5.76817 6.21203 2.62951 10 ;
4.63678 5.32133 1.47828 5.76676 6.20757 2.62637 10 ;
4.63229 5.32246 1.47865 5.76526 6.20309 2.62323 10 ;
4.62778 5.32352 1.47919 5.76367 6.19858 2.62009 10 ;
4.62324 5.32449 1.47989 5.76199 6.19404 2.61695 10 ;
4.61867 5.32539 1.48077 5.76021 6.18947 2.61381 10 ;
4.61406 5.32621 1.48182 5.75835 6.18486 2.61066 10 ;
4.60942 5.32695 1.48304 5.75639 6.18022 2.60752 10 ;
4.60475 5.32761 1.48442 5.75434 6.17554 2.60438 10 ;
4.60004 5.3282 1.48598 5.75219 6.17083 2.60124 10 ;
4.59529 5.32871 1.48772 5.74995 6.16608 2.5981 10 ;
4.5905 5.32914 1.48962 5.74761 6.1613 2.59496 10 ;
4.58567 5.32949 1.4917 5.74518 6.15647 2.59181 10 ;
4.5808 5.32977 1.49394 5.74266 6.1516 2.58867 10 ;
4.57589 5.32997 1.49636 5.74003 6.14669 2.58553 10 ;
4.57094 5.3301 1.49895 5.73731 6.14173 2.58239 10 ;
4.56594 5.33015 1.50172 5.7345 6.13673 2.57925 10 ;
4.56089 5.33013 1.50466 5.73158 6.13168 2.57611 10 ;
4.55579 5.33004 1.50776 5.72857 6.12659 2.57296 10 ;
4.55065 5.32987 1.51104 5.72546 6.12144 2.56982 10 ;
4.54545 5.32963 1.51449 5.72226 6.11625 2.56668 10 ;
4.5402 5.32932 1.51811 5.71895 6.11099 2.56354 10 ;
4.53489 5.32893 1.52189 5.71554 6.10569 2.5604 10 ;
4.52953 5.32848 1.52585 5.71204 6.10033 2.55726 10 ;
4.52411 5.32796 1.52997 5.70844 6.09491 2.55412 10 ;
4.51864 5.32737 1.53426 5.70474 6.08943 2.55097 10 ;
4.5131 5.32672 1.53872 5.70094 6.08389 2.54783 10 ;
4.50749 5.32599 1.54334 5.69704 6.07829 2.54469 10 ;
4.50182 5.32521 1.54813 5.69304 6.07262 2.54155 10 ;
4.49609 5.32436 1.55308 5.68893 6.06689 2.53841 10 ;
4.49029 5.32345 1.55818 5.68474 6.06108 2.53527 10 ;
4.48441 5.32248 1.56345 5.68044 6.05521 2.53212 10 ;
4.47846 5.32144 1.56889 5.67604 6.04926 2.52898 10 ;
4.47244 5.32035 1.57447 5.67155 6.04324 2.52584 10 ;
4.46634 5.31921 1.58022 5.66695 6.03714 2.5227 10 ;
4.46017 5.318 1.58611 5.66225 6.03096 2.51956 10 ;
4.4539 5.31675 1.59217 5.65746 6.0247 2.51642 10 ;
4.44756 5.31544 1.59837 5.65256 6.01836 2.51327 10 ;
4.44113 5.31408 1.60472 5.64757 6.01193 2.51013 10 ;
4.43461 5.31267 1.61122 5.64248 6.00541 2.50699 10 ;
4.428 5.31122 1.61787 5.63729 5.99879 2.50385 10 ;
4.42129 5.30972 1.62466 5.63199 5.99209 2.50071 10 ;
4.41449 5.30817 1.63159 5.62661 5.98529 2.49757 10 ;
4.40759 5.30659 1.63866 5.62112 5.97838 2.49442 10 ;
4.40059 5.30496 1.64588 5.61553 5.97138 2.49128 10 ;
4.39348 5.3033 1.65322 5.60985 5.96427 2.48814 10 ;
4.38626 5.30161 1.6607 5.60406 5.95706 2.485 10 ;
4.37893 5.29988 1.66831 5.59818 5.94973 2.48186 10 ;
4.37149 5.29812 1.67605 5.5922 5.94228 2.47872 10 ;
4.36393 5.29633 1.68392 5.58612 5.93472 2.47557 10 ;
4.35624 5.29452 1.69191 5.57995 5.92704 2.47243 10 ;
4.34844 5.29268 1.70002 5.57367 5.91923 2.46929 10 ;
4.3405 5.29082 1.70825 5.5673 5.9113 2.46615 10 ;
4.33244 5.28895 1.71659 5.56083 5.90323 2.46301 10 ;
4.32423 5.28706 1.72505 5.55426 5.89503 2.45987 10 ;
4.31589 5.28516 1.73361 5.5476 5.88669 2.45673 10 ;
4.30741 5.28325 1.74228 5.54084 5.8782 2.45358 10 ;
4.29878 5.28133 1.75106 5.53398 5.86957 2.45044 10 ;
4.28999 5.27941 1.75993 5.52703 5.86079 2.4473 10 ;
4.28105 5.27749 1.7689 5.51998 5.85185 2.44416 10 ;
4.27195 5.27558 1.77797 5.51283 5.84275 2.44102 10 ;
4.26269 5.27367 1.78712 5.50558 5.83349 2.43788 10 ;
4.25326 5.27177 1.79636 5.49824 5.82405 2.43473 10 ;
4.24365 5.26989 1.80568 5.4908 5.81445 2.43159 10 ;
4.23386 5.26802 1.81508 5.48327 5.80466 2.42845 10 ;
4.22389 5.26618 1.82455 5.47564 5.79469 2.42531 10 ;
4.21374 5.26436 1.83409 5.46792 5.78453 2.42217 10 ;
4.20338 5.26258 1.8437 5.4601 5.77418 2.41903 10 ;
4.19283 5.26083 1.85336 5.45218 5.76363 2.41588 10 ;
4.18207 5.25912 1.86308 5.44417 5.75287 2.41274 10 ;
4.17111 5.25745 1.87285 5.43607 5.7419 2.4096 10 ;
4.15992 5.25583 1.88267 5.42787 5.73072 2.40646 10 ;
4.14852 5.25426 1.89253 5.41958 5.71931 2.40332 10 ;
4.13688 5.25276 1.90242 5.41119 5.70768 2.40018 10 ;
4.12502 5.25132 1.91234 5.40271 5.69582 2.39704 10 ;
4.11292 5.24995 1.92229 5.39414 5.68371 2.39389 10 ;
4.10056 5.24865 1.93225 5.38547 5.67136 2.39075 10 ;
4.08796 5.24744 1.94222 5.37672 5.65876 2.38761 10 ;
4.0751 5.24631 1.95219 5.36787 5.6459 2.38447 10 ;
4.06198 5.24527 1.96216 5.35894 5.63277 2.38133 10 ;
4.04858 5.24434 1.97212 5.34991 5.61938 2.37819 10 ;
4.03491 5.24351 1.98206 5.34081 5.60571 2.37504 10 ;
4.02096 5.24279 1.99197 5.33161 5.59176 2.3719 10 ;
4.00672 5.24219 2.00185 5.32233 5.57752 2.36876 10 ;
3.99218 5.24172 2.01169 5.31297 5.56298 2.36562 10 ;
3.97735 5.24138 2.02147 5.30353 5.54814 2.36248 10 ;
3.9622 5.24118 2.03119 5.29401 5.533 2.35934 10 ;
3.94675 5.24112 2.04084 5.28441 5.51755 2.35619 10 ;

