201
0.256410 0.827084 0.089239 0.300000 -0.897436 0.238004 -0.295816 0.350000 -0.358974 -0.004236 0.803282 0.100000 0.000000 0.000000 0.000000 1.000000 
0.228781 0.826666 0.081530 0.309199 -0.904988 0.211469 -0.295078 0.359179 -0.358686 -0.006275 0.796503 0.102358 0.000000 0.000000 0.000000 1.000000 
0.202362 0.826086 0.073687 0.318298 -0.911390 0.186395 -0.294501 0.367968 -0.358354 -0.007562 0.790606 0.104683 0.000000 0.000000 0.000000 1.000000 
0.177096 0.825513 0.065700 0.327295 -0.916772 0.162649 -0.294093 0.376371 -0.358003 -0.008149 0.785612 0.106975 0.000000 0.000000 0.000000 1.000000 
0.152924 0.825082 0.057553 0.336192 -0.921247 0.140099 -0.293860 0.384393 -0.357657 -0.008082 0.781528 0.109234 0.000000 0.000000 0.000000 1.000000 
0.129787 0.824902 0.049230 0.344988 -0.924915 0.118613 -0.293804 0.392037 -0.357333 -0.007401 0.778359 0.111460 0.000000 0.000000 0.000000 1.000000 
0.107625 0.825059 0.040712 0.353684 -0.927866 0.098063 -0.293922 0.399308 -0.357045 -0.006142 0.776099 0.113655 0.000000 0.000000 0.000000 1.000000 
0.086377 0.825620 0.031981 0.362279 -0.930177 0.078330 -0.294211 0.406210 -0.356805 -0.004334 0.774739 0.115817 0.000000 0.000000 0.000000 1.000000 
0.065987 0.826633 0.023015 0.370774 -0.931915 0.059299 -0.294665 0.412746 -0.356624 -0.002004 0.774264 0.117949 0.000000 0.000000 0.000000 1.000000 
0.046399 0.828130 0.013796 0.379170 -0.933140 0.040862 -0.295273 0.418920 -0.356507 0.000827 0.774657 0.120049 0.000000 0.000000 0.000000 1.000000 
0.027560 0.830131 0.004302 0.387466 -0.933903 0.022917 -0.296025 0.424737 -0.356463 0.004141 0.775893 0.122119 0.000000 0.000000 0.000000 1.000000 
0.009421 0.832641 -0.005486 0.395662 -0.934250 0.005373 -0.296907 0.430202 -0.356495 0.007922 0.777946 0.124158 0.000000 0.000000 0.000000 1.000000 
-0.008066 0.835656 -0.015587 0.403759 -0.934220 -0.011856 -0.297902 0.435316 -0.356607 0.012159 0.780782 0.126167 0.000000 0.000000 0.000000 1.000000 
-0.024946 0.839158 -0.026018 0.411756 -0.933847 -0.028850 -0.298993 0.440086 -0.356801 0.016838 0.784365 0.128147 0.000000 0.000000 0.000000 1.000000 
-0.041261 0.843119 -0.036795 0.419655 -0.933162 -0.045679 -0.300156 0.444515 -0.357081 0.021951 0.788651 0.130097 0.000000 0.000000 0.000000 1.000000 
-0.057049 0.847501 -0.047930 0.427454 -0.932189 -0.062406 -0.301369 0.448606 -0.357448 0.027487 0.793592 0.132018 0.000000 0.000000 0.000000 1.000000 
-0.072348 0.852255 -0.059433 0.435155 -0.930952 -0.079087 -0.302605 0.452365 -0.357902 0.033436 0.799130 0.133910 0.000000 0.000000 0.000000 1.000000 
-0.087193 0.857320 -0.071309 0.442758 -0.929470 -0.095768 -0.303833 0.455794 -0.358445 0.039788 0.805204 0.135774 0.000000 0.000000 0.000000 1.000000 
-0.101614 0.862627 -0.083558 0.450262 -0.927760 -0.112488 -0.305021 0.458899 -0.359077 0.046528 0.811741 0.137611 0.000000 0.000000 0.000000 1.000000 
-0.115643 0.868095 -0.096177 0.457667 -0.925836 -0.129277 -0.306136 0.461683 -0.359798 0.053642 0.818664 0.139419 0.000000 0.000000 0.000000 1.000000 
-0.129308 0.873635 -0.109154 0.464975 -0.923711 -0.146155 -0.307138 0.464150 -0.360608 0.061111 0.825885 0.141200 0.000000 0.000000 0.000000 1.000000 
-0.142634 0.879147 -0.122471 0.472185 -0.921394 -0.163132 -0.307989 0.466304 -0.361508 0.068914 0.833309 0.142954 0.000000 0.000000 0.000000 1.000000 
-0.155646 0.884525 -0.136103 0.479297 -0.918896 -0.180210 -0.308650 0.468150 -0.362497 0.077024 0.840836 0.144681 0.000000 0.000000 0.000000 1.000000 
-0.168368 0.889657 -0.150017 0.486312 -0.916223 -0.197378 -0.309077 0.469691 -0.363575 0.085411 0.848356 0.146383 0.000000 0.000000 0.000000 1.000000 
-0.180820 0.894424 -0.164173 0.493229 -0.913382 -0.214619 -0.309230 0.470931 -0.364742 0.094038 0.855759 0.148058 0.000000 0.000000 0.000000 1.000000 
-0.193022 0.898710 -0.178522 0.500049 -0.910378 -0.231903 -0.309071 0.471875 -0.365998 0.102865 0.862928 0.149707 0.000000 0.000000 0.000000 1.000000 
-0.204994 0.902398 -0.193008 0.506772 -0.907214 -0.249193 -0.308560 0.472526 -0.367341 0.111847 0.869751 0.151331 0.000000 0.000000 0.000000 1.000000 
-0.216752 0.905375 -0.207570 0.513398 -0.903894 -0.266446 -0.307665 0.472889 -0.368773 0.120934 0.876116 0.152930 0.000000 0.000000 0.000000 1.000000 
-0.228314 0.907538 -0.222140 0.519927 -0.900420 -0.283611 -0.306356 0.472968 -0.370292 0.130074 0.881918 0.154505 0.000000 0.000000 0.000000 1.000000 
-0.239694 0.908795 -0.236648 0.526360 -0.896793 -0.300632 -0.304611 0.472766 -0.371898 0.139211 0.887061 0.156055 0.000000 0.000000 0.000000 1.000000 
-0.250907 0.909069 -0.251023 0.532697 -0.893014 -0.317454 -0.302414 0.472287 -0.373592 0.148289 0.891463 0.157581 0.000000 0.000000 0.000000 1.000000 
-0.261966 0.908299 -0.265191 0.538937 -0.889083 -0.334020 -0.299756 0.471537 -0.375373 0.157251 0.895055 0.159084 0.000000 0.000000 0.000000 1.000000 
-0.272884 0.906447 -0.279086 0.545082 -0.885000 -0.350275 -0.296637 0.470518 -0.377240 0.166043 0.897789 0.160563 0.000000 0.000000 0.000000 1.000000 
-0.283673 0.903492 -0.292641 0.551130 -0.880762 -0.366170 -0.293066 0.469236 -0.379194 0.174612 0.899634 0.162020 0.000000 0.000000 0.000000 1.000000 
-0.294344 0.899438 -0.305799 0.557083 -0.876369 -0.381661 -0.289057 0.467693 -0.381234 0.182911 0.900579 0.163453 0.000000 0.000000 0.000000 1.000000 
-0.304907 0.894306 -0.318512 0.562940 -0.871818 -0.396714 -0.284635 0.465894 -0.383360 0.190897 0.900633 0.164865 0.000000 0.000000 0.000000 1.000000 
-0.315372 0.888137 -0.330737 0.568702 -0.867107 -0.411302 -0.279829 0.463843 -0.385572 0.198534 0.899823 0.166254 0.000000 0.000000 0.000000 1.000000 
-0.325747 0.880990 -0.342445 0.574369 -0.862233 -0.425408 -0.274672 0.461544 -0.387870 0.205794 0.898194 0.167622 0.000000 0.000000 0.000000 1.000000 
-0.336042 0.872935 -0.353616 0.579941 -0.857192 -0.439028 -0.269205 0.459001 -0.390253 0.212652 0.895804 0.168969 0.000000 0.000000 0.000000 1.000000 
-0.346264 0.864053 -0.364238 0.585418 -0.851980 -0.452163 -0.263468 0.456218 -0.392722 0.219094 0.892724 0.170295 0.000000 0.000000 0.000000 1.000000 
-0.356421 0.854432 -0.374312 0.590800 -0.846594 -0.464826 -0.257502 0.453200 -0.395276 0.225111 0.889030 0.171600 0.000000 0.000000 0.000000 1.000000 
-0.366519 0.844164 -0.383844 0.596088 -0.841027 -0.477036 -0.251351 0.449950 -0.397916 0.230698 0.884808 0.172885 0.000000 0.000000 0.000000 1.000000 
-0.376565 0.833341 -0.392849 0.601281 -0.835277 -0.488822 -0.245054 0.446472 -0.400640 0.235859 0.880143 0.174150 0.000000 0.000000 0.000000 1.000000 
-0.386563 0.822053 -0.401347 0.606381 -0.829336 -0.500213 -0.238649 0.442770 -0.403449 0.240599 0.875122 0.175395 0.000000 0.000000 0.000000 1.000000 
-0.396521 0.810384 -0.409365 0.611386 -0.823200 -0.511247 -0.232174 0.438849 -0.406342 0.244928 0.869828 0.176622 0.000000 0.000000 0.000000 1.000000 
-0.406441 0.798415 -0.416932 0.616297 -0.816862 -0.521962 -0.225660 0.434713 -0.409319 0.248858 0.864342 0.177829 0.000000 0.000000 0.000000 1.000000 
-0.416329 0.786217 -0.424078 0.621115 -0.810316 -0.532399 -0.219137 0.430364 -0.412380 0.252404 0.858738 0.179018 0.000000 0.000000 0.000000 1.000000 
-0.426188 0.773855 -0.430837 0.625839 -0.803557 -0.542598 -0.212629 0.425809 -0.415524 0.255582 0.853086 0.180188 0.000000 0.000000 0.000000 1.000000 
-0.436022 0.761384 -0.437242 0.630470 -0.796576 -0.552601 -0.206159 0.421050 -0.418750 0.258406 0.847446 0.181341 0.000000 0.000000 0.000000 1.000000 
-0.445834 0.748851 -0.443326 0.635008 -0.789366 -0.562446 -0.199744 0.416091 -0.422059 0.260894 0.841875 0.182476 0.000000 0.000000 0.000000 1.000000 
-0.455625 0.736296 -0.449121 0.639453 -0.781921 -0.572172 -0.193399 0.410938 -0.425448 0.263060 0.836421 0.183594 0.000000 0.000000 0.000000 1.000000 
-0.465397 0.723748 -0.454659 0.643805 -0.774232 -0.581814 -0.187136 0.405593 -0.428918 0.264919 0.831123 0.184695 0.000000 0.000000 0.000000 1.000000 
-0.475153 0.711232 -0.459968 0.648065 -0.766292 -0.591406 -0.180963 0.400060 -0.432466 0.266484 0.826019 0.185779 0.000000 0.000000 0.000000 1.000000 
-0.484892 0.698763 -0.465075 0.652232 -0.758092 -0.600978 -0.174887 0.394345 -0.436093 0.267768 0.821135 0.186847 0.000000 0.000000 0.000000 1.000000 
-0.494614 0.686352 -0.470007 0.656306 -0.749624 -0.610558 -0.168912 0.388451 -0.439796 0.268782 0.816497 0.187900 0.000000 0.000000 0.000000 1.000000 
-0.504320 0.674004 -0.474786 0.660289 -0.740880 -0.620172 -0.163039 0.382381 -0.443575 0.269535 0.812121 0.188937 0.000000 0.000000 0.000000 1.000000 
-0.514009 0.661718 -0.479432 0.664179 -0.731850 -0.629841 -0.157270 0.376141 -0.447426 0.270035 0.808023 0.189958 0.000000 0.000000 0.000000 1.000000 
-0.523678 0.649490 -0.483966 0.667978 -0.722527 -0.639585 -0.151603 0.369733 -0.451349 0.270288 0.804211 0.190965 0.000000 0.000000 0.000000 1.000000 
-0.533327 0.637310 -0.488403 0.671685 -0.712901 -0.649420 -0.146036 0.363163 -0.455340 0.270299 0.800692 0.191958 0.000000 0.000000 0.000000 1.000000 
-0.542951 0.625167 -0.492759 0.675301 -0.702963 -0.659360 -0.140565 0.356434 -0.459398 0.270071 0.797470 0.192936 0.000000 0.000000 0.000000 1.000000 
-0.552548 0.613046 -0.497045 0.678825 -0.692704 -0.669414 -0.135188 0.349550 -0.463520 0.269608 0.794543 0.193900 0.000000 0.000000 0.000000 1.000000 
-0.562114 0.600929 -0.501274 0.682258 -0.682116 -0.679592 -0.129899 0.342515 -0.467703 0.268909 0.791911 0.194851 0.000000 0.000000 0.000000 1.000000 
-0.571644 0.588798 -0.505453 0.685600 -0.671188 -0.689898 -0.124693 0.335334 -0.471943 0.267974 0.789570 0.195788 0.000000 0.000000 0.000000 1.000000 
-0.581132 0.576631 -0.509591 0.688852 -0.659913 -0.700335 -0.119565 0.328010 -0.476236 0.266803 0.787513 0.196713 0.000000 0.000000 0.000000 1.000000 
-0.590572 0.564406 -0.513693 0.692013 -0.648281 -0.710902 -0.114508 0.320547 -0.480579 0.265392 0.785733 0.197626 0.000000 0.000000 0.000000 1.000000 
-0.599958 0.552100 -0.517763 0.695083 -0.636284 -0.721597 -0.109518 0.312950 -0.484966 0.263739 0.784221 0.198526 0.000000 0.000000 0.000000 1.000000 
-0.609281 0.539689 -0.521805 0.698063 -0.623915 -0.732415 -0.104587 0.305222 -0.489394 0.261839 0.782967 0.199414 0.000000 0.000000 0.000000 1.000000 
-0.618533 0.527149 -0.525820 0.700953 -0.611165 -0.743348 -0.099710 0.297368 -0.493857 0.259688 0.781960 0.200291 0.000000 0.000000 0.000000 1.000000 
-0.627705 0.514455 -0.529808 0.703753 -0.598026 -0.754385 -0.094881 0.289392 -0.498349 0.257282 0.781188 0.201157 0.000000 0.000000 0.000000 1.000000 
-0.636786 0.501582 -0.533769 0.706464 -0.584492 -0.765513 -0.090093 0.281297 -0.502864 0.254614 0.780639 0.202012 0.000000 0.000000 0.000000 1.000000 
-0.645766 0.488507 -0.537700 0.709084 -0.570558 -0.776716 -0.085341 0.273088 -0.507396 0.251678 0.780298 0.202856 0.000000 0.000000 0.000000 1.000000 
-0.654632 0.475206 -0.541598 0.711616 -0.556216 -0.787977 -0.080619 0.264768 -0.511938 0.248470 0.780153 0.203691 0.000000 0.000000 0.000000 1.000000 
-0.663373 0.461655 -0.545460 0.714058 -0.541464 -0.799275 -0.075922 0.256342 -0.516481 0.244982 0.780187 0.204515 0.000000 0.000000 0.000000 1.000000 
-0.671976 0.447833 -0.549279 0.716410 -0.526296 -0.810587 -0.071243 0.247815 -0.521020 0.241210 0.780388 0.205330 0.000000 0.000000 0.000000 1.000000 
-0.680426 0.433720 -0.553052 0.718674 -0.510710 -0.821887 -0.066577 0.239189 -0.525544 0.237148 0.780738 0.206136 0.000000 0.000000 0.000000 1.000000 
-0.688708 0.419295 -0.556769 0.720850 -0.494704 -0.833148 -0.061921 0.230469 -0.530046 0.232791 0.781222 0.206934 0.000000 0.000000 0.000000 1.000000 
-0.696808 0.404541 -0.560425 0.722936 -0.478279 -0.844339 -0.057268 0.221659 -0.534517 0.228135 0.781825 0.207722 0.000000 0.000000 0.000000 1.000000 
-0.704709 0.389442 -0.564012 0.724934 -0.461434 -0.855428 -0.052614 0.212763 -0.538947 0.223177 0.782530 0.208503 0.000000 0.000000 0.000000 1.000000 
-0.712395 0.373986 -0.567519 0.726844 -0.444173 -0.866381 -0.047956 0.203785 -0.543326 0.217913 0.783320 0.209276 0.000000 0.000000 0.000000 1.000000 
-0.719850 0.358159 -0.570938 0.728666 -0.426499 -0.877163 -0.043289 0.194729 -0.547645 0.212343 0.784180 0.210042 0.000000 0.000000 0.000000 1.000000 
-0.727055 0.341955 -0.574259 0.730400 -0.408418 -0.887735 -0.038610 0.185600 -0.551893 0.206467 0.785093 0.210800 0.000000 0.000000 0.000000 1.000000 
-0.733994 0.325366 -0.577472 0.732046 -0.389937 -0.898059 -0.033915 0.176401 -0.556059 0.200284 0.786042 0.211552 0.000000 0.000000 0.000000 1.000000 
-0.740649 0.308389 -0.580567 0.733605 -0.371065 -0.908094 -0.029202 0.167136 -0.560134 0.193800 0.787011 0.212297 0.000000 0.000000 0.000000 1.000000 
-0.747002 0.291025 -0.583532 0.735076 -0.351812 -0.917800 -0.024467 0.157809 -0.564106 0.187017 0.787985 0.213036 0.000000 0.000000 0.000000 1.000000 
-0.753036 0.273277 -0.586356 0.736460 -0.332193 -0.927136 -0.019710 0.148425 -0.567966 0.179941 0.788947 0.213770 0.000000 0.000000 0.000000 1.000000 
-0.758733 0.255150 -0.589029 0.737757 -0.312220 -0.936059 -0.014926 0.138988 -0.571701 0.172582 0.789882 0.214498 0.000000 0.000000 0.000000 1.000000 
-0.764078 0.236656 -0.591540 0.738967 -0.291912 -0.944529 -0.010115 0.129500 -0.575303 0.164949 0.790776 0.215221 0.000000 0.000000 0.000000 1.000000 
-0.769052 0.217807 -0.593878 0.740090 -0.271285 -0.952505 -0.005276 0.119968 -0.578760 0.157053 0.791614 0.215939 0.000000 0.000000 0.000000 1.000000 
-0.773641 0.198619 -0.596032 0.741126 -0.250362 -0.959949 -0.000407 0.110394 -0.582064 0.148909 0.792383 0.216653 0.000000 0.000000 0.000000 1.000000 
-0.777831 0.179113 -0.597993 0.742077 -0.229164 -0.966822 0.004493 0.100782 -0.585204 0.140533 0.793070 0.217363 0.000000 0.000000 0.000000 1.000000 
-0.781606 0.159312 -0.599750 0.742941 -0.207714 -0.973088 0.009425 0.091138 -0.588172 0.131943 0.793663 0.218069 0.000000 0.000000 0.000000 1.000000 
-0.784955 0.139241 -0.601294 0.743719 -0.186040 -0.978715 0.014388 0.081464 -0.590960 0.123159 0.794152 0.218771 0.000000 0.000000 0.000000 1.000000 
-0.787867 0.118930 -0.602618 0.744411 -0.164167 -0.983672 0.019384 0.071764 -0.593561 0.114201 0.794527 0.219471 0.000000 0.000000 0.000000 1.000000 
-0.790331 0.098409 -0.603712 0.745017 -0.142125 -0.987931 0.024411 0.062044 -0.595968 0.105095 0.794779 0.220168 0.000000 0.000000 0.000000 1.000000 
-0.792339 0.077714 -0.604570 0.745538 -0.119942 -0.991470 0.029471 0.052307 -0.598174 0.095864 0.794902 0.220863 0.000000 0.000000 0.000000 1.000000 
-0.793884 0.056879 -0.605187 0.745973 -0.097651 -0.994268 0.034562 0.042556 -0.600176 0.086535 0.794888 0.221555 0.000000 0.000000 0.000000 1.000000 
-0.794962 0.035941 -0.605555 0.746323 -0.075283 -0.996310 0.039685 0.032797 -0.601970 0.077136 0.794735 0.222246 0.000000 0.000000 0.000000 1.000000 
-0.795569 0.014939 -0.605673 0.746588 -0.052869 -0.997585 0.044839 0.023032 -0.603551 0.067694 0.794438 0.222936 0.000000 0.000000 0.000000 1.000000 
-0.795704 -0.006089 -0.605535 0.746769 -0.030443 -0.998085 0.050025 0.013267 -0.604920 0.058239 0.793995 0.223625 0.000000 0.000000 0.000000 1.000000 
-0.795367 -0.027104 -0.605139 0.746864 -0.008037 -0.997810 0.055241 0.003505 -0.606075 0.048801 0.793407 0.224312 0.000000 0.000000 0.000000 1.000000 
-0.794561 -0.048066 -0.604485 0.746875 0.014316 -0.996761 0.060489 -0.006250 -0.607016 0.039408 0.792675 0.225000 0.000000 0.000000 0.000000 1.000000 
-0.793289 -0.068937 -0.603572 0.746802 0.036585 -0.994945 0.065767 -0.015994 -0.607745 0.030091 0.791801 0.225688 0.000000 0.000000 0.000000 1.000000 
-0.791558 -0.089681 -0.602401 0.746644 0.058736 -0.992374 0.071076 -0.025722 -0.608265 0.020878 0.790789 0.226375 0.000000 0.000000 0.000000 1.000000 
-0.789374 -0.110262 -0.600972 0.746402 0.080740 -0.989064 0.076418 -0.035431 -0.608580 0.011800 0.789644 0.227064 0.000000 0.000000 0.000000 1.000000 
-0.786748 -0.130646 -0.599288 0.746077 0.102566 -0.985034 0.081791 -0.045117 -0.608693 0.002883 0.788374 0.227754 0.000000 0.000000 0.000000 1.000000 
-0.783690 -0.150801 -0.597353 0.745668 0.124185 -0.980308 0.087198 -0.054775 -0.608612 -0.005846 0.786985 0.228445 0.000000 0.000000 0.000000 1.000000 
-0.780212 -0.170699 -0.595169 0.745175 0.145570 -0.974912 0.092640 -0.064402 -0.608341 -0.014360 0.785486 0.229137 0.000000 0.000000 0.000000 1.000000 
-0.776327 -0.190315 -0.592742 0.744599 0.166694 -0.968876 0.098118 -0.073993 -0.607889 -0.022635 0.783889 0.229832 0.000000 0.000000 0.000000 1.000000 
-0.772050 -0.209623 -0.590076 0.743939 0.187534 -0.962232 0.103634 -0.083544 -0.607264 -0.030649 0.782203 0.230529 0.000000 0.000000 0.000000 1.000000 
-0.767397 -0.228606 -0.587176 0.743197 0.208067 -0.955014 0.109192 -0.093052 -0.606473 -0.038378 0.780440 0.231229 0.000000 0.000000 0.000000 1.000000 
-0.762383 -0.247247 -0.584048 0.742372 0.228272 -0.947260 0.114795 -0.102512 -0.605528 -0.045804 0.778614 0.231931 0.000000 0.000000 0.000000 1.000000 
-0.757026 -0.265532 -0.580697 0.741464 0.248129 -0.939005 0.120444 -0.111921 -0.604437 -0.052908 0.776737 0.232637 0.000000 0.000000 0.000000 1.000000 
-0.751342 -0.283452 -0.577130 0.740474 0.267621 -0.930288 0.126146 -0.121274 -0.603211 -0.059674 0.774823 0.233347 0.000000 0.000000 0.000000 1.000000 
-0.745351 -0.301000 -0.573351 0.739401 0.286734 -0.921149 0.131903 -0.130566 -0.601860 -0.066085 0.772886 0.234061 0.000000 0.000000 0.000000 1.000000 
-0.739070 -0.318174 -0.569367 0.738246 0.305454 -0.911624 0.137721 -0.139795 -0.600395 -0.072129 0.770941 0.234779 0.000000 0.000000 0.000000 1.000000 
-0.732516 -0.334975 -0.565182 0.737009 0.323769 -0.901754 0.143606 -0.148956 -0.598827 -0.077794 0.769004 0.235502 0.000000 0.000000 0.000000 1.000000 
-0.725709 -0.351405 -0.560801 0.735690 0.341669 -0.891575 0.149564 -0.158045 -0.597167 -0.083068 0.767088 0.236230 0.000000 0.000000 0.000000 1.000000 
-0.718667 -0.367471 -0.556228 0.734290 0.359147 -0.881123 0.155601 -0.167058 -0.595426 -0.087942 0.765210 0.236964 0.000000 0.000000 0.000000 1.000000 
-0.711406 -0.383184 -0.551467 0.732808 0.376196 -0.870435 0.161724 -0.175991 -0.593615 -0.092408 0.763385 0.237703 0.000000 0.000000 0.000000 1.000000 
-0.703944 -0.398554 -0.546520 0.731244 0.392812 -0.859544 0.167941 -0.184840 -0.591744 -0.096459 0.761628 0.238448 0.000000 0.000000 0.000000 1.000000 
-0.696299 -0.413598 -0.541390 0.729600 0.408991 -0.848481 0.174261 -0.193600 -0.589826 -0.100086 0.759954 0.239200 0.000000 0.000000 0.000000 1.000000 
-0.688486 -0.428331 -0.536078 0.727875 0.424732 -0.837276 0.180692 -0.202268 -0.587869 -0.103286 0.758378 0.239958 0.000000 0.000000 0.000000 1.000000 
-0.680521 -0.442772 -0.530582 0.726068 0.440034 -0.825958 0.187244 -0.210840 -0.585885 -0.106051 0.756916 0.240724 0.000000 0.000000 0.000000 1.000000 
-0.672420 -0.456943 -0.524903 0.724181 0.454898 -0.814550 0.193927 -0.219312 -0.583883 -0.108377 0.755582 0.241497 0.000000 0.000000 0.000000 1.000000 
-0.664196 -0.470867 -0.519037 0.722214 0.469326 -0.803077 0.200751 -0.227679 -0.581873 -0.110259 0.754390 0.242278 0.000000 0.000000 0.000000 1.000000 
-0.655864 -0.484567 -0.512979 0.720166 0.483321 -0.791557 0.207728 -0.235937 -0.579865 -0.111692 0.753355 0.243066 0.000000 0.000000 0.000000 1.000000 
-0.647436 -0.498068 -0.506726 0.718038 0.496886 -0.780010 0.214871 -0.244084 -0.577867 -0.112670 0.752490 0.243864 0.000000 0.000000 0.000000 1.000000 
-0.638926 -0.511398 -0.500269 0.715830 0.510026 -0.768448 0.222190 -0.252113 -0.575888 -0.113187 0.751808 0.244670 0.000000 0.000000 0.000000 1.000000 
-0.630343 -0.524584 -0.493599 0.713542 0.522747 -0.756885 0.229699 -0.260022 -0.573936 -0.113238 0.751322 0.245485 0.000000 0.000000 0.000000 1.000000 
-0.621700 -0.537654 -0.486706 0.711175 0.535054 -0.745330 0.237412 -0.267807 -0.572020 -0.112814 0.751045 0.246309 0.000000 0.000000 0.000000 1.000000 
-0.613005 -0.550636 -0.479576 0.708728 0.546953 -0.733787 0.245343 -0.275462 -0.570147 -0.111909 0.750987 0.247144 0.000000 0.000000 0.000000 1.000000 
-0.604268 -0.563560 -0.472194 0.706202 0.558452 -0.722261 0.253506 -0.282985 -0.568324 -0.110512 0.751160 0.247988 0.000000 0.000000 0.000000 1.000000 
-0.595497 -0.576454 -0.464544 0.703597 0.569557 -0.710751 0.261916 -0.290372 -0.566559 -0.108614 0.751573 0.248843 0.000000 0.000000 0.000000 1.000000 
-0.586700 -0.589346 -0.456604 0.700912 0.580275 -0.699252 0.270587 -0.297617 -0.564857 -0.106202 0.752235 0.249709 0.000000 0.000000 0.000000 1.000000 
-0.577885 -0.602266 -0.448353 0.698149 0.590615 -0.687759 0.279537 -0.304717 -0.563225 -0.103264 0.753153 0.250586 0.000000 0.000000 0.000000 1.000000 
-0.569056 -0.615239 -0.439764 0.695307 0.600585 -0.676261 0.288778 -0.311669 -0.561670 -0.099784 0.754334 0.251474 0.000000 0.000000 0.000000 1.000000 
-0.560221 -0.628293 -0.430810 0.692387 0.610191 -0.664743 0.298328 -0.318467 -0.560196 -0.095747 0.755781 0.252374 0.000000 0.000000 0.000000 1.000000 
-0.551383 -0.641451 -0.421459 0.689389 0.619442 -0.653187 0.308200 -0.325109 -0.558810 -0.091133 0.757498 0.253287 0.000000 0.000000 0.000000 1.000000 
-0.542547 -0.654736 -0.411676 0.686312 0.628345 -0.641572 0.318410 -0.331589 -0.557517 -0.085922 0.759483 0.254212 0.000000 0.000000 0.000000 1.000000 
-0.533718 -0.668167 -0.401422 0.683157 0.636909 -0.629871 0.328968 -0.337904 -0.556321 -0.080093 0.761735 0.255149 0.000000 0.000000 0.000000 1.000000 
-0.524897 -0.681761 -0.390656 0.679925 0.645140 -0.618053 0.339889 -0.344050 -0.555227 -0.073621 0.764245 0.256100 0.000000 0.000000 0.000000 1.000000 
-0.516088 -0.695528 -0.379332 0.676615 0.653047 -0.606083 0.351179 -0.350023 -0.554241 -0.066482 0.767005 0.257064 0.000000 0.000000 0.000000 1.000000 
-0.507293 -0.709476 -0.367401 0.673227 0.660636 -0.593921 0.362848 -0.355818 -0.553366 -0.058648 0.769998 0.258042 0.000000 0.000000 0.000000 1.000000 
-0.498513 -0.723605 -0.354810 0.669763 0.667915 -0.581522 0.374897 -0.361432 -0.552607 -0.050092 0.773203 0.259035 0.000000 0.000000 0.000000 1.000000 
-0.489750 -0.737907 -0.341504 0.666221 0.674891 -0.568835 0.387327 -0.366861 -0.551968 -0.040785 0.776593 0.260042 0.000000 0.000000 0.000000 1.000000 
-0.481003 -0.752368 -0.327423 0.662602 0.681569 -0.555806 0.400129 -0.372100 -0.551452 -0.030698 0.780135 0.261063 0.000000 0.000000 0.000000 1.000000 
-0.472275 -0.766960 -0.312507 0.658906 0.687957 -0.542373 0.413292 -0.377146 -0.551065 -0.019804 0.783784 0.262100 0.000000 0.000000 0.000000 1.000000 
-0.463563 -0.781645 -0.296693 0.655134 0.694059 -0.528471 0.426793 -0.381994 -0.550810 -0.008077 0.787488 0.263153 0.000000 0.000000 0.000000 1.000000 
-0.454868 -0.796372 -0.279919 0.651285 0.699883 -0.514033 0.440603 -0.386640 -0.550690 0.004506 0.791184 0.264221 0.000000 0.000000 0.000000 1.000000 
-0.446189 -0.811073 -0.262124 0.647360 0.705432 -0.498984 0.454680 -0.391081 -0.550710 0.017962 0.794798 0.265305 0.000000 0.000000 0.000000 1.000000 
-0.437524 -0.825665 -0.243250 0.643359 0.710713 -0.483250 0.468970 -0.395313 -0.550873 0.032305 0.798244 0.266406 0.000000 0.000000 0.000000 1.000000 
-0.428871 -0.840045 -0.223246 0.639282 0.715728 -0.466756 0.483405 -0.399330 -0.551183 0.047535 0.801423 0.267524 0.000000 0.000000 0.000000 1.000000 
-0.420230 -0.854094 -0.202068 0.635130 0.720483 -0.449428 0.497902 -0.403130 -0.551644 0.063646 0.804224 0.268659 0.000000 0.000000 0.000000 1.000000 
-0.411596 -0.867672 -0.179686 0.630901 0.724982 -0.431196 0.512362 -0.406707 -0.552259 0.080617 0.806525 0.269812 0.000000 0.000000 0.000000 1.000000 
-0.402968 -0.880623 -0.156084 0.626597 0.729226 -0.411996 0.526670 -0.410059 -0.553033 0.098411 0.808194 0.270982 0.000000 0.000000 0.000000 1.000000 
-0.394342 -0.892772 -0.131266 0.622218 0.733220 -0.391777 0.540696 -0.413181 -0.553970 0.116972 0.809093 0.272171 0.000000 0.000000 0.000000 1.000000 
-0.385716 -0.903937 -0.105260 0.617764 0.736965 -0.370502 0.554296 -0.416069 -0.555073 0.136228 0.809078 0.273378 0.000000 0.000000 0.000000 1.000000 
-0.377085 -0.913925 -0.078120 0.613235 0.740463 -0.348150 0.567315 -0.418719 -0.556347 0.156081 0.808010 0.274605 0.000000 0.000000 0.000000 1.000000 
-0.368445 -0.922545 -0.049927 0.608631 0.743715 -0.324725 0.579591 -0.421127 -0.557795 0.176416 0.805754 0.275850 0.000000 0.000000 0.000000 1.000000 
-0.359793 -0.929613 -0.020793 0.603953 0.746723 -0.300256 0.590961 -0.423289 -0.559423 0.197097 0.802194 0.277115 0.000000 0.000000 0.000000 1.000000 
-0.351123 -0.934964 0.009138 0.599200 0.749486 -0.274798 0.601267 -0.425200 -0.561233 0.217968 0.797231 0.278400 0.000000 0.000000 0.000000 1.000000 
-0.342431 -0.938458 0.039700 0.594373 0.752004 -0.248433 0.610363 -0.426857 -0.563232 0.238862 0.790796 0.279705 0.000000 0.000000 0.000000 1.000000 
-0.333712 -0.939991 0.070699 0.589472 0.754276 -0.221273 0.618125 -0.428256 -0.565423 0.259602 0.782854 0.281031 0.000000 0.000000 0.000000 1.000000 
-0.324959 -0.939502 0.101929 0.584497 0.756301 -0.193450 0.624453 -0.429393 -0.567812 0.280011 0.773410 0.282378 0.000000 0.000000 0.000000 1.000000 
-0.316167 -0.936979 0.133173 0.579448 0.758075 -0.165117 0.629279 -0.430263 -0.570404 0.299912 0.762505 0.283746 0.000000 0.000000 0.000000 1.000000 
-0.307330 -0.932460 0.164214 0.574325 0.759597 -0.136439 0.632571 -0.430863 -0.573203 0.319145 0.750225 0.285135 0.000000 0.000000 0.000000 1.000000 
-0.298441 -0.926031 0.194845 0.569130 0.760861 -0.107586 0.634335 -0.431188 -0.576215 0.337562 0.736689 0.286547 0.000000 0.000000 0.000000 1.000000 
-0.289493 -0.917824 0.224876 0.563861 0.761864 -0.078725 0.634610 -0.431234 -0.579445 0.355040 0.722047 0.287980 0.000000 0.000000 0.000000 1.000000 
-0.280480 -0.908008 0.254138 0.558518 0.762601 -0.050015 0.633470 -0.430998 -0.582899 0.371481 0.706476 0.289437 0.000000 0.000000 0.000000 1.000000 
-0.271392 -0.896784 0.282495 0.553103 0.763064 -0.021598 0.631017 -0.430476 -0.586584 0.386814 0.690165 0.290916 0.000000 0.000000 0.000000 1.000000 
-0.262222 -0.884368 0.309838 0.547616 0.763246 0.006403 0.627372 -0.429663 -0.590504 0.400993 0.673311 0.292419 0.000000 0.000000 0.000000 1.000000 
-0.252962 -0.870987 0.336093 0.542055 0.763140 0.033892 0.622672 -0.428554 -0.594666 0.413998 0.656111 0.293945 0.000000 0.000000 0.000000 1.000000 
-0.243603 -0.856867 0.361216 0.536423 0.762735 0.060794 0.617062 -0.427148 -0.599076 0.425830 0.638753 0.295495 0.000000 0.000000 0.000000 1.000000 
-0.234135 -0.842229 0.385191 0.530718 0.762022 0.087062 0.610690 -0.425438 -0.603741 0.436508 0.621412 0.297070 0.000000 0.000000 0.000000 1.000000 
-0.224548 -0.827275 0.408028 0.524941 0.760988 0.112671 0.603698 -0.423421 -0.608668 0.446063 0.604246 0.298669 0.000000 0.000000 0.000000 1.000000 
-0.214832 -0.812192 0.429756 0.519092 0.759619 0.137620 0.596222 -0.421094 -0.613861 0.454538 0.587391 0.300293 0.000000 0.000000 0.000000 1.000000 
-0.204977 -0.797144 0.450421 0.513171 0.757902 0.161924 0.588390 -0.418451 -0.619329 0.461982 0.570967 0.301942 0.000000 0.000000 0.000000 1.000000 
-0.194970 -0.782273 0.470084 0.507179 0.755821 0.185617 0.580314 -0.415490 -0.625077 0.468443 0.555068 0.303617 0.000000 0.000000 0.000000 1.000000 
-0.184801 -0.767698 0.488810 0.501116 0.753356 0.208743 0.572095 -0.412205 -0.631113 0.473972 0.539774 0.305319 0.000000 0.000000 0.000000 1.000000 
-0.174457 -0.753517 0.506673 0.494981 0.750489 0.231359 0.563820 -0.408593 -0.637441 0.478615 0.525144 0.307046 0.000000 0.000000 0.000000 1.000000 
-0.163925 -0.739804 0.523747 0.488775 0.747197 0.253527 0.555565 -0.404650 -0.644069 0.482414 0.511220 0.308800 0.000000 0.000000 0.000000 1.000000 
-0.153193 -0.726618 0.540109 0.482498 0.743458 0.275316 0.547390 -0.400372 -0.651001 0.485404 0.498034 0.310581 0.000000 0.000000 0.000000 1.000000 
-0.142245 -0.713999 0.555830 0.476151 0.739245 0.296796 0.539345 -0.395754 -0.658242 0.487614 0.485602 0.312389 0.000000 0.000000 0.000000 1.000000 
-0.131069 -0.701971 0.570983 0.469733 0.734530 0.318041 0.531472 -0.390793 -0.665798 0.489064 0.473934 0.314226 0.000000 0.000000 0.000000 1.000000 
-0.119650 -0.690547 0.585633 0.463245 0.729282 0.339122 0.523801 -0.385485 -0.673670 0.489764 0.463027 0.316090 0.000000 0.000000 0.000000 1.000000 
-0.107973 -0.679724 0.599842 0.456686 0.723468 0.360112 0.516354 -0.379825 -0.681862 0.489719 0.452876 0.317982 0.000000 0.000000 0.000000 1.000000 
-0.096022 -0.669492 0.613667 0.450058 0.717051 0.381077 0.509147 -0.373810 -0.690375 0.488920 0.443468 0.319903 0.000000 0.000000 0.000000 1.000000 
-0.083783 -0.659829 0.627157 0.443359 0.709993 0.402085 0.502189 -0.367435 -0.699207 0.487352 0.434785 0.321853 0.000000 0.000000 0.000000 1.000000 
-0.071241 -0.650705 0.640357 0.436591 0.702250 0.423195 0.495483 -0.360696 -0.708357 0.484990 0.426809 0.323833 0.000000 0.000000 0.000000 1.000000 
-0.058380 -0.642084 0.653305 0.429754 0.693779 0.444463 0.489027 -0.353590 -0.717818 0.481799 0.419516 0.325842 0.000000 0.000000 0.000000 1.000000 
-0.045186 -0.633918 0.666031 0.422847 0.684530 0.465937 0.482815 -0.346113 -0.727583 0.477735 0.412882 0.327881 0.000000 0.000000 0.000000 1.000000 
-0.031645 -0.626156 0.678560 0.415871 0.674451 0.487658 0.476838 -0.338259 -0.737641 0.472745 0.406880 0.329951 0.000000 0.000000 0.000000 1.000000 
-0.017743 -0.618737 0.690909 0.408826 0.663488 0.509660 0.471083 -0.330026 -0.747977 0.466768 0.401481 0.332051 0.000000 0.000000 0.000000 1.000000 
-0.003470 -0.611594 0.703086 0.401712 0.651582 0.531963 0.465532 -0.321408 -0.758570 0.459734 0.396658 0.334183 0.000000 0.000000 0.000000 1.000000 
0.011185 -0.604652 0.715093 0.394529 0.638674 0.554578 0.460166 -0.312403 -0.769396 0.451564 0.392378 0.336345 0.000000 0.000000 0.000000 1.000000 
0.026229 -0.597829 0.726923 0.387278 0.624699 0.577502 0.454963 -0.303006 -0.780425 0.442175 0.388611 0.338540 0.000000 0.000000 0.000000 1.000000 
0.041667 -0.591037 0.738561 0.379958 0.609594 0.600713 0.449897 -0.293213 -0.791618 0.431476 0.385323 0.340766 0.000000 0.000000 0.000000 1.000000 
0.057500 -0.584178 0.749982 0.372570 0.593292 0.624177 0.444941 -0.283020 -0.802931 0.419374 0.382478 0.343025 0.000000 0.000000 0.000000 1.000000 
0.073725 -0.577149 0.761152 0.365115 0.575726 0.647833 0.440064 -0.272423 -0.814312 0.405771 0.380041 0.345317 0.000000 0.000000 0.000000 1.000000 
0.090333 -0.569839 0.772027 0.357591 0.556833 0.671604 0.435233 -0.261418 -0.825698 0.390574 0.377973 0.347642 0.000000 0.000000 0.000000 1.000000 
0.090333 -0.569839 0.772027 0.350000 0.556833 0.671604 0.435233 -0.250000 -0.825698 0.390574 0.377973 0.350000 0.000000 0.000000 0.000000 1.000000 

