0 -1.5708 0 -1.5708 0 0 -1 ;
5.98282 4.34212 4.78889 4.83351 5.92626 1.79214 -1 ;
4.41427 4.15648 4.35782 4.48216 1.03713 2.90707 1 ;
4.39775 4.13534 4.40602 4.45134 1.04994 2.91144 1 ;
4.38219 4.11465 4.45323 4.42126 1.06223 2.91637 1 ;
4.3675 4.09442 4.49949 4.39189 1.07399 2.92182 1 ;
4.35355 4.07464 4.54484 4.36321 1.08523 2.92774 1 ;
4.34027 4.05531 4.58932 4.3352 1.09596 2.93412 1 ;
4.32758 4.03643 4.63296 4.30782 1.1062 2.94092 1 ;
4.31541 4.01798 4.67578 4.28106 1.11598 2.94812 1 ;
4.30371 3.99995 4.71782 4.25488 1.12532 2.95571 1 ;
4.29242 3.98234 4.7591 4.22926 1.13422 2.96366 1 ;
4.2815 3.96514 4.79965 4.20419 1.14273 2.97195 1 ;
4.2709 3.94833 4.83947 4.17965 1.15086 2.98057 1 ;
4.2606 3.93191 4.8786 4.15563 1.15862 2.98949 1 ;
4.25055 3.91588 4.91704 4.1321 1.16605 2.9987 1 ;
4.24074 3.90021 4.95481 4.10905 1.17317 3.00816 1 ;
4.23113 3.88491 4.99191 4.08649 1.17998 3.01787 1 ;
4.2217 3.86996 5.02838 4.06439 1.18652 3.02779 1 ;
4.21242 3.85535 5.06421 4.04275 1.1928 3.0379 1 ;
4.20329 3.84107 5.09941 4.02157 1.19883 3.04818 1 ;
4.19428 3.82711 5.13399 4.00085 1.20463 3.05861 1 ;
4.18538 3.81346 5.16796 3.98058 1.21022 3.06915 1 ;
4.17657 3.80011 5.20133 3.96076 1.2156 3.07979 1 ;
4.16783 3.78703 5.23411 3.9414 1.22081 3.09049 1 ;
4.15917 3.77422 5.26631 3.9225 1.22584 3.10123 1 ;
4.15055 3.76165 5.29793 3.90406 1.23071 3.11198 1 ;
4.14198 3.74932 5.32897 3.8861 1.23543 3.12273 1 ;
4.13344 3.7372 5.35946 3.8686 1.24001 3.13344 1 ;
4.12493 3.72528 5.3894 3.85159 1.24447 3.14409 1 ;
4.11643 3.71355 5.41879 3.83505 1.24881 3.15465 1 ;
4.10794 3.70199 5.44763 3.819 1.25304 3.16511 1 ;
4.09944 3.69059 5.47594 3.80345 1.25718 3.17543 1 ;
4.09094 3.67935 5.50373 3.78839 1.26123 3.18561 1 ;
4.08243 3.66825 5.53097 3.77383 1.2652 3.19561 1 ;
4.07389 3.6573 5.55769 3.75977 1.2691 3.20543 1 ;
4.06533 3.64649 5.58386 3.74622 1.27294 3.21504 1 ;
4.05673 3.63585 5.60948 3.73316 1.27673 3.22442 1 ;
4.0481 3.62537 5.63453 3.72062 1.28047 3.23358 1 ;
4.03942 3.61508 5.659 3.70858 1.28418 3.24248 1 ;
4.03069 3.60498 5.68287 3.69705 1.28785 3.25112 1 ;
4.02191 3.59512 5.70609 3.68603 1.2915 3.25948 1 ;
4.01308 3.5855 5.72864 3.67554 1.29514 3.26757 1 ;
4.00418 3.57617 5.75048 3.66559 1.29876 3.27536 1 ;
3.99521 3.56716 5.77155 3.65618 1.30239 3.28286 1 ;
3.98617 3.5585 5.79181 3.64732 1.30602 3.29006 1 ;
3.97706 3.55024 5.81119 3.63905 1.30967 3.29695 1 ;
3.96787 3.54241 5.82963 3.63139 1.31334 3.30353 1 ;
3.95859 3.53505 5.84706 3.62435 1.31703 3.3098 1 ;
3.94923 3.52822 5.86341 3.61797 1.32076 3.31575 1 ;
3.93978 3.52196 5.87859 3.61228 1.32453 3.32139 1 ;
3.93024 3.5163 5.89254 3.60732 1.32835 3.32671 1 ;
3.9206 3.5113 5.90517 3.6031 1.33223 3.33172 1 ;
3.91087 3.507 5.91639 3.59969 1.33617 3.33642 1 ;
3.90103 3.50343 5.92616 3.59709 1.34017 3.3408 1 ;
3.89109 3.50062 5.93442 3.59533 1.34426 3.34488 1 ;
3.88104 3.4986 5.94111 3.59444 1.34842 3.34866 1 ;
3.87088 3.49737 5.94623 3.59441 1.35268 3.35213 1 ;
3.86061 3.49693 5.94977 3.59524 1.35704 3.3553 1 ;
3.85022 3.49729 5.95175 3.59693 1.3615 3.35818 1 ;
3.83972 3.4984 5.95224 3.59943 1.36607 3.36077 1 ;
3.8291 3.50025 5.95128 3.60271 1.37076 3.36307 1 ;
3.81836 3.50279 5.94897 3.60674 1.37557 3.3651 1 ;
3.80749 3.50596 5.94541 3.61144 1.38052 3.36685 1 ;
3.79651 3.50972 5.94072 3.61676 1.3856 3.36833 1 ;
3.78539 3.51399 5.93502 3.62264 1.39083 3.36955 1 ;
3.77415 3.51874 5.92842 3.62901 1.39622 3.37052 1 ;
3.76279 3.52389 5.92104 3.6358 1.40176 3.37123 1 ;
3.75129 3.52938 5.913 3.64297 1.40746 3.3717 1 ;
3.73966 3.53517 5.90442 3.65043 1.41333 3.37193 1 ;
3.72791 3.5412 5.89538 3.65815 1.41938 3.37193 1 ;
3.71602 3.54742 5.886 3.66607 1.4256 3.3717 1 ;
3.704 3.55379 5.87633 3.67414 1.43202 3.37126 1 ;
3.69186 3.56026 5.86648 3.68232 1.43861 3.3706 1 ;
3.67958 3.56681 5.85651 3.69057 1.44541 3.36975 1 ;
3.66717 3.5734 5.84648 3.69885 1.4524 3.36869 1 ;
3.65464 3.57999 5.83646 3.70713 1.45958 3.36745 1 ;
3.64197 3.58655 5.8265 3.71536 1.46697 3.36602 1 ;
3.62919 3.59306 5.81664 3.72355 1.47456 3.36442 1 ;
3.61628 3.5995 5.80693 3.73165 1.48236 3.36265 1 ;
3.60324 3.60583 5.7974 3.73963 1.49035 3.36073 1 ;
3.59009 3.61205 5.7881 3.74747 1.49855 3.35865 1 ;
3.57682 3.61813 5.77906 3.75516 1.50695 3.35643 1 ;
3.56344 3.62405 5.7703 3.76268 1.51555 3.35408 1 ;
3.54995 3.6298 5.76185 3.77 1.52434 3.3516 1 ;
3.53636 3.63537 5.75373 3.7771 1.53332 3.349 1 ;
3.52266 3.64072 5.74598 3.78398 1.54249 3.34629 1 ;
3.50887 3.64586 5.7386 3.79061 1.55184 3.34349 1 ;
3.49498 3.65078 5.73162 3.79698 1.56135 3.34059 1 ;
3.48101 3.65545 5.72505 3.80307 1.57103 3.33761 1 ;
3.46695 3.65987 5.71891 3.80889 1.58086 3.33456 1 ;
3.45282 3.66403 5.71323 3.81439 1.59084 3.33144 1 ;
3.43862 3.66792 5.708 3.81958 1.60094 3.32827 1 ;
3.42436 3.67153 5.70323 3.82446 1.61117 3.32505 1 ;
3.41004 3.67485 5.69895 3.82899 1.6215 3.32179 1 ;
3.39568 3.67789 5.69515 3.83319 1.63193 3.31851 1 ;
3.38127 3.68062 5.69186 3.83703 1.64244 3.3152 1 ;
3.36683 3.68306 5.68906 3.84052 1.65301 3.3119 1 ;
3.35236 3.68519 5.68678 3.84364 1.66363 3.30859 1 ;
3.33787 3.68701 5.68501 3.84638 1.67428 3.30529 1 ;
3.32338 3.68852 5.68376 3.84874 1.68495 3.30202 1 ;
3.30887 3.68972 5.68302 3.85073 1.69563 3.29878 1 ;
3.29438 3.69061 5.68281 3.85233 1.70629 3.29559 1 ;
3.2799 3.6912 5.68312 3.85354 1.71692 3.29244 1 ;
3.26544 3.69148 5.68394 3.85437 1.7275 3.28937 1 ;
3.251 3.69145 5.68527 3.85481 1.73803 3.28637 1 ;
3.23661 3.69113 5.68712 3.85486 1.74847 3.28345 1 ;
3.22226 3.69051 5.68948 3.85453 1.75883 3.28064 1 ;
3.20796 3.6896 5.69232 3.85382 1.76909 3.27794 1 ;
3.19372 3.68842 5.69566 3.85274 1.77922 3.27536 1 ;
3.17955 3.68696 5.69947 3.85129 1.78923 3.27292 1 ;
3.16546 3.68524 5.70376 3.84947 1.79909 3.27062 1 ;
3.15144 3.68326 5.7085 3.8473 1.80881 3.26849 1 ;
3.13751 3.68104 5.71369 3.84479 1.81835 3.26654 1 ;
3.12368 3.67858 5.7193 3.84194 1.82773 3.26477 1 ;
3.10995 3.67591 5.72531 3.83877 1.83693 3.26321 1 ;
3.09632 3.67303 5.73172 3.8353 1.84595 3.26187 1 ;
3.0828 3.66996 5.73849 3.83153 1.85477 3.26077 1 ;
3.0694 3.66671 5.74561 3.82748 1.86339 3.25992 1 ;
3.05613 3.6633 5.75306 3.82317 1.87181 3.25933 1 ;
3.04298 3.65975 5.76079 3.81862 1.88003 3.25903 1 ;
3.02996 3.65608 5.76878 3.81386 1.88804 3.25903 1 ;
3.01708 3.6523 5.77701 3.80889 1.89584 3.25935 1 ;

