501
1.000000 0.000000 0.000000 -0.100000 0.000000 0.707107 -0.707107 0.500000 0.000000 0.707107 0.707107 0.500000 0.000000 0.000000 0.000000 1.000000 
1.000000 0.000000 0.000000 -0.097099 0.000000 0.708217 -0.705995 0.501087 0.000000 0.705995 0.708217 0.498678 0.000000 0.000000 0.000000 1.000000 
1.000000 0.000000 0.000000 -0.094197 0.000000 0.709325 -0.704882 0.502150 0.000000 0.704882 0.709325 0.497351 0.000000 0.000000 0.000000 1.000000 
1.000000 0.000000 0.000000 -0.091292 0.000000 0.710431 -0.703767 0.503187 0.000000 0.703767 0.710431 0.496019 0.000000 0.000000 0.000000 1.000000 
1.000000 0.000000 0.000000 -0.088386 0.000000 0.711536 -0.702650 0.504199 0.000000 0.702650 0.711536 0.494683 0.000000 0.000000 0.000000 1.000000 
1.000000 0.000000 0.000000 -0.085479 0.000000 0.712639 -0.701531 0.505187 0.000000 0.701531 0.712639 0.493342 0.000000 0.000000 0.000000 1.000000 
1.000000 0.000000 0.000000 -0.082570 0.000000 0.713740 -0.700411 0.506150 0.000000 0.700411 0.713740 0.491997 0.000000 0.000000 0.000000 1.000000 
1.000000 0.000000 0.000000 -0.079660 0.000000 0.714839 -0.699289 0.507088 0.000000 0.699289 0.714839 0.490648 0.000000 0.000000 0.000000 1.000000 
1.000000 0.000000 0.000000 -0.076749 0.000000 0.715936 -0.698165 0.508001 0.000000 0.698165 0.715936 0.489294 0.000000 0.000000 0.000000 1.000000 
1.000000 0.000000 0.000000 -0.073836 0.000000 0.717032 -0.697040 0.508890 0.000000 0.697040 0.717032 0.487936 0.000000 0.000000 0.000000 1.000000 
1.000000 0.000000 0.000000 -0.070923 0.000000 0.718126 -0.695913 0.509754 0.000000 0.695913 0.718126 0.486574 0.000000 0.000000 0.000000 1.000000 
1.000000 0.000000 0.000000 -0.068008 0.000000 0.719219 -0.694784 0.510595 0.000000 0.694784 0.719219 0.485207 0.000000 0.000000 0.000000 1.000000 
1.000000 0.000000 0.000000 -0.065092 0.000000 0.720309 -0.693653 0.511410 0.000000 0.693653 0.720309 0.483836 0.000000 0.000000 0.000000 1.000000 
1.000000 0.000000 0.000000 -0.062176 0.000000 0.721398 -0.692521 0.512202 0.000000 0.692521 0.721398 0.482461 0.000000 0.000000 0.000000 1.000000 
1.000000 0.000000 0.000000 -0.059258 0.000000 0.722485 -0.691387 0.512970 0.000000 0.691387 0.722485 0.481082 0.000000 0.000000 0.000000 1.000000 
1.000000 0.000000 0.000000 -0.056340 0.000000 0.723570 -0.690251 0.513714 0.000000 0.690251 0.723570 0.479699 0.000000 0.000000 0.000000 1.000000 
1.000000 0.000000 0.000000 -0.053421 0.000000 0.724653 -0.689114 0.514433 0.000000 0.689114 0.724653 0.478312 0.000000 0.000000 0.000000 1.000000 
1.000000 0.000000 0.000000 -0.050502 0.000000 0.725735 -0.687975 0.515129 0.000000 0.687975 0.725735 0.476921 0.000000 0.000000 0.000000 1.000000 
1.000000 0.000000 0.000000 -0.047582 0.000000 0.726814 -0.686834 0.515802 0.000000 0.686834 0.726814 0.475526 0.000000 0.000000 0.000000 1.000000 
1.000000 0.000000 0.000000 -0.044662 0.000000 0.727892 -0.685691 0.516450 0.000000 0.685691 0.727892 0.474127 0.000000 0.000000 0.000000 1.000000 
1.000000 0.000000 0.000000 -0.041741 0.000000 0.728969 -0.684547 0.517075 0.000000 0.684547 0.728969 0.472724 0.000000 0.000000 0.000000 1.000000 
1.000000 0.000000 0.000000 -0.038820 0.000000 0.730043 -0.683401 0.517677 0.000000 0.683401 0.730043 0.471318 0.000000 0.000000 0.000000 1.000000 
1.000000 0.000000 0.000000 -0.035899 0.000000 0.731116 -0.682254 0.518255 0.000000 0.682254 0.731116 0.469908 0.000000 0.000000 0.000000 1.000000 
1.000000 0.000000 0.000000 -0.032977 0.000000 0.732186 -0.681104 0.518810 0.000000 0.681104 0.732186 0.468494 0.000000 0.000000 0.000000 1.000000 
1.000000 0.000000 0.000000 -0.030056 0.000000 0.733255 -0.679953 0.519341 0.000000 0.679953 0.733255 0.467077 0.000000 0.000000 0.000000 1.000000 
1.000000 0.000000 0.000000 -0.027134 0.000000 0.734323 -0.678801 0.519850 0.000000 0.678801 0.734323 0.465656 0.000000 0.000000 0.000000 1.000000 
1.000000 0.000000 0.000000 -0.024213 0.000000 0.735388 -0.677646 0.520335 0.000000 0.677646 0.735388 0.464231 0.000000 0.000000 0.000000 1.000000 
1.000000 0.000000 0.000000 -0.021292 0.000000 0.736451 -0.676490 0.520798 0.000000 0.676490 0.736451 0.462803 0.000000 0.000000 0.000000 1.000000 
1.000000 0.000000 0.000000 -0.018371 0.000000 0.737513 -0.675333 0.521238 0.000000 0.675333 0.737513 0.461371 0.000000 0.000000 0.000000 1.000000 
1.000000 0.000000 0.000000 -0.015450 0.000000 0.738573 -0.674173 0.521655 0.000000 0.674173 0.738573 0.459936 0.000000 0.000000 0.000000 1.000000 
1.000000 0.000000 0.000000 -0.012530 0.000000 0.739631 -0.673013 0.522049 0.000000 0.673013 0.739631 0.458498 0.000000 0.000000 0.000000 1.000000 
1.000000 0.000000 0.000000 -0.009610 0.000000 0.740687 -0.671850 0.522420 0.000000 0.671850 0.740687 0.457056 0.000000 0.000000 0.000000 1.000000 
1.000000 0.000000 0.000000 -0.006691 0.000000 0.741742 -0.670686 0.522769 0.000000 0.670686 0.741742 0.455612 0.000000 0.000000 0.000000 1.000000 
1.000000 0.000000 0.000000 -0.003773 0.000000 0.742794 -0.669520 0.523096 0.000000 0.669520 0.742794 0.454163 0.000000 0.000000 0.000000 1.000000 
1.000000 0.000000 0.000000 -0.000855 0.000000 0.743845 -0.668352 0.523400 0.000000 0.668352 0.743845 0.452712 0.000000 0.000000 0.000000 1.000000 
1.000000 0.000000 0.000000 0.002062 0.000000 0.744894 -0.667183 0.523682 0.000000 0.667183 0.744894 0.451258 0.000000 0.000000 0.000000 1.000000 
1.000000 0.000000 0.000000 0.004979 0.000000 0.745941 -0.666012 0.523942 0.000000 0.666012 0.745941 0.449800 0.000000 0.000000 0.000000 1.000000 
1.000000 0.000000 0.000000 0.007894 0.000000 0.746986 -0.664839 0.524180 0.000000 0.664839 0.746986 0.448339 0.000000 0.000000 0.000000 1.000000 
1.000000 0.000000 0.000000 0.010808 0.000000 0.748030 -0.663665 0.524396 0.000000 0.663665 0.748030 0.446876 0.000000 0.000000 0.000000 1.000000 
1.000000 0.000000 0.000000 0.013721 0.000000 0.749071 -0.662489 0.524590 0.000000 0.662489 0.749071 0.445409 0.000000 0.000000 0.000000 1.000000 
1.000000 0.000000 0.000000 0.016634 0.000000 0.750111 -0.661312 0.524762 0.000000 0.661312 0.750111 0.443940 0.000000 0.000000 0.000000 1.000000 
1.000000 0.000000 0.000000 0.019544 0.000000 0.751149 -0.660133 0.524912 0.000000 0.660133 0.751149 0.442468 0.000000 0.000000 0.000000 1.000000 
1.000000 0.000000 0.000000 0.022454 0.000000 0.752185 -0.658952 0.525040 0.000000 0.658952 0.752185 0.440992 0.000000 0.000000 0.000000 1.000000 
1.000000 0.000000 0.000000 0.025362 0.000000 0.753219 -0.657770 0.525148 0.000000 0.657770 0.753219 0.439514 0.000000 0.000000 0.000000 1.000000 
1.000000 0.000000 0.000000 0.028269 0.000000 0.754251 -0.656586 0.525233 0.000000 0.656586 0.754251 0.438034 0.000000 0.000000 0.000000 1.000000 
1.000000 0.000000 0.000000 0.031174 0.000000 0.755282 -0.655400 0.525297 0.000000 0.655400 0.755282 0.436550 0.000000 0.000000 0.000000 1.000000 
1.000000 0.000000 0.000000 0.034078 0.000000 0.756310 -0.654213 0.525340 0.000000 0.654213 0.756310 0.435064 0.000000 0.000000 0.000000 1.000000 
1.000000 0.000000 0.000000 0.036980 0.000000 0.757337 -0.653024 0.525362 0.000000 0.653024 0.757337 0.433576 0.000000 0.000000 0.000000 1.000000 
1.000000 0.000000 0.000000 0.039880 0.000000 0.758362 -0.651834 0.525362 0.000000 0.651834 0.758362 0.432085 0.000000 0.000000 0.000000 1.000000 
1.000000 0.000000 0.000000 0.042779 0.000000 0.759385 -0.650642 0.525342 0.000000 0.650642 0.759385 0.430591 0.000000 0.000000 0.000000 1.000000 
1.000000 0.000000 0.000000 0.045675 0.000000 0.760406 -0.649448 0.525300 0.000000 0.649448 0.760406 0.429095 0.000000 0.000000 0.000000 1.000000 
1.000000 0.000000 0.000000 0.048569 0.000000 0.761425 -0.648253 0.525238 0.000000 0.648253 0.761425 0.427597 0.000000 0.000000 0.000000 1.000000 
1.000000 0.000000 0.000000 0.051462 0.000000 0.762443 -0.647056 0.525154 0.000000 0.647056 0.762443 0.426096 0.000000 0.000000 0.000000 1.000000 
1.000000 0.000000 0.000000 0.054352 0.000000 0.763458 -0.645858 0.525050 0.000000 0.645858 0.763458 0.424592 0.000000 0.000000 0.000000 1.000000 
1.000000 0.000000 0.000000 0.057240 0.000000 0.764472 -0.644657 0.524926 0.000000 0.644657 0.764472 0.423087 0.000000 0.000000 0.000000 1.000000 
1.000000 0.000000 0.000000 0.060126 0.000000 0.765483 -0.643456 0.524781 0.000000 0.643456 0.765483 0.421579 0.000000 0.000000 0.000000 1.000000 
1.000000 0.000000 0.000000 0.063010 0.000000 0.766493 -0.642253 0.524615 0.000000 0.642253 0.766493 0.420069 0.000000 0.000000 0.000000 1.000000 
1.000000 0.000000 0.000000 0.065891 0.000000 0.767501 -0.641048 0.524429 0.000000 0.641048 0.767501 0.418557 0.000000 0.000000 0.000000 1.000000 
1.000000 0.000000 0.000000 0.068769 0.000000 0.768507 -0.639841 0.524223 0.000000 0.639841 0.768507 0.417043 0.000000 0.000000 0.000000 1.000000 
1.000000 0.000000 0.000000 0.071645 0.000000 0.769511 -0.638634 0.523997 0.000000 0.638634 0.769511 0.415527 0.000000 0.000000 0.000000 1.000000 
1.000000 0.000000 0.000000 0.074518 0.000000 0.770513 -0.637424 0.523750 0.000000 0.637424 0.770513 0.414009 0.000000 0.000000 0.000000 1.000000 
1.000000 0.000000 0.000000 0.077389 0.000000 0.771514 -0.636213 0.523484 0.000000 0.636213 0.771514 0.412489 0.000000 0.000000 0.000000 1.000000 
1.000000 0.000000 0.000000 0.080257 0.000000 0.772512 -0.635000 0.523198 0.000000 0.635000 0.772512 0.410967 0.000000 0.000000 0.000000 1.000000 
1.000000 0.000000 0.000000 0.083122 0.000000 0.773508 -0.633786 0.522891 0.000000 0.633786 0.773508 0.409443 0.000000 0.000000 0.000000 1.000000 
1.000000 0.000000 0.000000 0.085983 0.000000 0.774503 -0.632570 0.522565 0.000000 0.632570 0.774503 0.407917 0.000000 0.000000 0.000000 1.000000 
1.000000 0.000000 0.000000 0.088842 0.000000 0.775496 -0.631353 0.522220 0.000000 0.631353 0.775496 0.406390 0.000000 0.000000 0.000000 1.000000 
1.000000 0.000000 0.000000 0.091698 0.000000 0.776487 -0.630134 0.521854 0.000000 0.630134 0.776487 0.404860 0.000000 0.000000 0.000000 1.000000 
1.000000 0.000000 0.000000 0.094550 0.000000 0.777475 -0.628913 0.521470 0.000000 0.628913 0.777475 0.403330 0.000000 0.000000 0.000000 1.000000 
1.000000 0.000000 0.000000 0.097400 0.000000 0.778462 -0.627691 0.521065 0.000000 0.627691 0.778462 0.401797 0.000000 0.000000 0.000000 1.000000 
1.000000 0.000000 0.000000 0.100246 0.000000 0.779447 -0.626468 0.520642 0.000000 0.626468 0.779447 0.400263 0.000000 0.000000 0.000000 1.000000 
1.000000 0.000000 0.000000 0.103088 0.000000 0.780430 -0.625243 0.520199 0.000000 0.625243 0.780430 0.398727 0.000000 0.000000 0.000000 1.000000 
1.000000 0.000000 0.000000 0.105927 0.000000 0.781412 -0.624016 0.519737 0.000000 0.624016 0.781412 0.397190 0.000000 0.000000 0.000000 1.000000 
1.000000 0.000000 0.000000 0.108763 0.000000 0.782391 -0.622788 0.519256 0.000000 0.622788 0.782391 0.395651 0.000000 0.000000 0.000000 1.000000 
1.000000 0.000000 0.000000 0.111594 0.000000 0.783368 -0.621558 0.518756 0.000000 0.621558 0.783368 0.394111 0.000000 0.000000 0.000000 1.000000 
1.000000 0.000000 0.000000 0.114423 0.000000 0.784343 -0.620327 0.518238 0.000000 0.620327 0.784343 0.392570 0.000000 0.000000 0.000000 1.000000 
1.000000 0.000000 0.000000 0.117247 0.000000 0.785317 -0.619094 0.517700 0.000000 0.619094 0.785317 0.391027 0.000000 0.000000 0.000000 1.000000 
1.000000 0.000000 0.000000 0.120067 0.000000 0.786288 -0.617860 0.517144 0.000000 0.617860 0.786288 0.389483 0.000000 0.000000 0.000000 1.000000 
1.000000 0.000000 0.000000 0.122884 0.000000 0.787258 -0.616624 0.516569 0.000000 0.616624 0.787258 0.387938 0.000000 0.000000 0.000000 1.000000 
1.000000 0.000000 0.000000 0.125696 0.000000 0.788226 -0.615386 0.515975 0.000000 0.615386 0.788226 0.386391 0.000000 0.000000 0.000000 1.000000 
1.000000 0.000000 0.000000 0.128505 0.000000 0.789191 -0.614147 0.515363 0.000000 0.614147 0.789191 0.384843 0.000000 0.000000 0.000000 1.000000 
1.000000 0.000000 0.000000 0.131309 0.000000 0.790155 -0.612907 0.514733 0.000000 0.612907 0.790155 0.383295 0.000000 0.000000 0.000000 1.000000 
1.000000 0.000000 0.000000 0.134109 0.000000 0.791117 -0.611665 0.514084 0.000000 0.611665 0.791117 0.381745 0.000000 0.000000 0.000000 1.000000 
1.000000 0.000000 0.000000 0.136904 0.000000 0.792077 -0.610422 0.513417 0.000000 0.610422 0.792077 0.380194 0.000000 0.000000 0.000000 1.000000 
1.000000 0.000000 0.000000 0.139696 0.000000 0.793034 -0.609177 0.512732 0.000000 0.609177 0.793034 0.378642 0.000000 0.000000 0.000000 1.000000 
1.000000 0.000000 0.000000 0.142482 0.000000 0.793990 -0.607930 0.512029 0.000000 0.607930 0.793990 0.377090 0.000000 0.000000 0.000000 1.000000 
1.000000 0.000000 0.000000 0.145265 0.000000 0.794944 -0.606682 0.511308 0.000000 0.606682 0.794944 0.375536 0.000000 0.000000 0.000000 1.000000 
1.000000 0.000000 0.000000 0.148042 0.000000 0.795896 -0.605433 0.510570 0.000000 0.605433 0.795896 0.373982 0.000000 0.000000 0.000000 1.000000 
1.000000 0.000000 0.000000 0.150815 0.000000 0.796846 -0.604182 0.509813 0.000000 0.604182 0.796846 0.372427 0.000000 0.000000 0.000000 1.000000 
1.000000 0.000000 0.000000 0.153583 0.000000 0.797794 -0.602930 0.509039 0.000000 0.602930 0.797794 0.370871 0.000000 0.000000 0.000000 1.000000 
1.000000 0.000000 0.000000 0.156346 0.000000 0.798741 -0.601676 0.508247 0.000000 0.601676 0.798741 0.369314 0.000000 0.000000 0.000000 1.000000 
1.000000 0.000000 0.000000 0.159105 0.000000 0.799685 -0.600420 0.507438 0.000000 0.600420 0.799685 0.367757 0.000000 0.000000 0.000000 1.000000 
1.000000 0.000000 0.000000 0.161858 0.000000 0.800627 -0.599163 0.506611 0.000000 0.599163 0.800627 0.366199 0.000000 0.000000 0.000000 1.000000 
1.000000 0.000000 0.000000 0.164606 0.000000 0.801567 -0.597905 0.505767 0.000000 0.597905 0.801567 0.364641 0.000000 0.000000 0.000000 1.000000 
1.000000 0.000000 0.000000 0.167349 0.000000 0.802505 -0.596645 0.504905 0.000000 0.596645 0.802505 0.363082 0.000000 0.000000 0.000000 1.000000 
1.000000 0.000000 0.000000 0.170087 0.000000 0.803441 -0.595384 0.504027 0.000000 0.595384 0.803441 0.361523 0.000000 0.000000 0.000000 1.000000 
1.000000 0.000000 0.000000 0.172820 0.000000 0.804376 -0.594121 0.503131 0.000000 0.594121 0.804376 0.359963 0.000000 0.000000 0.000000 1.000000 
1.000000 0.000000 0.000000 0.175547 0.000000 0.805308 -0.592857 0.502219 0.000000 0.592857 0.805308 0.358403 0.000000 0.000000 0.000000 1.000000 
1.000000 0.000000 0.000000 0.178268 0.000000 0.806238 -0.591591 0.501289 0.000000 0.591591 0.806238 0.356843 0.000000 0.000000 0.000000 1.000000 
1.000000 0.000000 0.000000 0.180985 0.000000 0.807166 -0.590324 0.500343 0.000000 0.590324 0.807166 0.355282 0.000000 0.000000 0.000000 1.000000 
1.000000 0.000000 0.000000 0.183695 0.000000 0.808093 -0.589055 0.499380 0.000000 0.589055 0.808093 0.353721 0.000000 0.000000 0.000000 1.000000 
1.000000 0.000000 0.000000 0.186400 0.000000 0.809017 -0.587785 0.498400 0.000000 0.587785 0.809017 0.352160 0.000000 0.000000 0.000000 1.000000 
1.000000 0.000000 0.000000 0.189099 0.000000 0.809939 -0.586514 0.497404 0.000000 0.586514 0.809939 0.350599 0.000000 0.000000 0.000000 1.000000 
1.000000 0.000000 0.000000 0.191792 0.000000 0.810860 -0.585241 0.496391 0.000000 0.585241 0.810860 0.349037 0.000000 0.000000 0.000000 1.000000 
1.000000 0.000000 0.000000 0.194480 0.000000 0.811778 -0.583966 0.495362 0.000000 0.583966 0.811778 0.347476 0.000000 0.000000 0.000000 1.000000 
1.000000 0.000000 0.000000 0.197161 0.000000 0.812694 -0.582690 0.494316 0.000000 0.582690 0.812694 0.345915 0.000000 0.000000 0.000000 1.000000 
1.000000 0.000000 0.000000 0.199836 0.000000 0.813608 -0.581413 0.493255 0.000000 0.581413 0.813608 0.344353 0.000000 0.000000 0.000000 1.000000 
1.000000 0.000000 0.000000 0.202506 0.000000 0.814521 -0.580134 0.492177 0.000000 0.580134 0.814521 0.342792 0.000000 0.000000 0.000000 1.000000 
1.000000 0.000000 0.000000 0.205169 0.000000 0.815431 -0.578854 0.491083 0.000000 0.578854 0.815431 0.341231 0.000000 0.000000 0.000000 1.000000 
1.000000 0.000000 0.000000 0.207825 0.000000 0.816339 -0.577573 0.489973 0.000000 0.577573 0.816339 0.339670 0.000000 0.000000 0.000000 1.000000 
1.000000 0.000000 0.000000 0.210476 0.000000 0.817245 -0.576290 0.488848 0.000000 0.576290 0.817245 0.338109 0.000000 0.000000 0.000000 1.000000 
1.000000 0.000000 0.000000 0.213119 0.000000 0.818150 -0.575005 0.487706 0.000000 0.575005 0.818150 0.336548 0.000000 0.000000 0.000000 1.000000 
1.000000 0.000000 0.000000 0.215757 0.000000 0.819052 -0.573719 0.486549 0.000000 0.573719 0.819052 0.334988 0.000000 0.000000 0.000000 1.000000 
1.000000 0.000000 0.000000 0.218388 0.000000 0.819952 -0.572432 0.485377 0.000000 0.572432 0.819952 0.333428 0.000000 0.000000 0.000000 1.000000 
1.000000 0.000000 0.000000 0.221012 0.000000 0.820850 -0.571143 0.484188 0.000000 0.571143 0.820850 0.331869 0.000000 0.000000 0.000000 1.000000 
1.000000 0.000000 0.000000 0.223629 0.000000 0.821746 -0.569853 0.482985 0.000000 0.569853 0.821746 0.330310 0.000000 0.000000 0.000000 1.000000 
1.000000 0.000000 0.000000 0.226239 0.000000 0.822641 -0.568562 0.481766 0.000000 0.568562 0.822641 0.328751 0.000000 0.000000 0.000000 1.000000 
1.000000 0.000000 0.000000 0.228843 0.000000 0.823533 -0.567269 0.480531 0.000000 0.567269 0.823533 0.327193 0.000000 0.000000 0.000000 1.000000 
1.000000 0.000000 0.000000 0.231440 0.000000 0.824423 -0.565975 0.479282 0.000000 0.565975 0.824423 0.325636 0.000000 0.000000 0.000000 1.000000 
1.000000 0.000000 0.000000 0.234029 0.000000 0.825311 -0.564679 0.478017 0.000000 0.564679 0.825311 0.324079 0.000000 0.000000 0.000000 1.000000 
1.000000 0.000000 0.000000 0.236612 0.000000 0.826197 -0.563382 0.476738 0.000000 0.563382 0.826197 0.322523 0.000000 0.000000 0.000000 1.000000 
1.000000 0.000000 0.000000 0.239187 0.000000 0.827081 -0.562083 0.475443 0.000000 0.562083 0.827081 0.320968 0.000000 0.000000 0.000000 1.000000 
1.000000 0.000000 0.000000 0.241755 0.000000 0.827962 -0.560784 0.474134 0.000000 0.560784 0.827962 0.319413 0.000000 0.000000 0.000000 1.000000 
1.000000 0.000000 0.000000 0.244316 0.000000 0.828842 -0.559482 0.472810 0.000000 0.559482 0.828842 0.317859 0.000000 0.000000 0.000000 1.000000 
1.000000 0.000000 0.000000 0.246869 0.000000 0.829720 -0.558180 0.471471 0.000000 0.558180 0.829720 0.316306 0.000000 0.000000 0.000000 1.000000 
1.000000 0.000000 0.000000 0.249415 0.000000 0.830596 -0.556876 0.470118 0.000000 0.556876 0.830596 0.314754 0.000000 0.000000 0.000000 1.000000 
1.000000 0.000000 0.000000 0.251953 0.000000 0.831470 -0.555570 0.468750 0.000000 0.555570 0.831470 0.313203 0.000000 0.000000 0.000000 1.000000 
1.000000 0.000000 0.000000 0.254484 0.000000 0.832341 -0.554263 0.467368 0.000000 0.554263 0.832341 0.311653 0.000000 0.000000 0.000000 1.000000 
1.000000 0.000000 0.000000 0.257006 0.000000 0.833211 -0.552955 0.465971 0.000000 0.552955 0.833211 0.310104 0.000000 0.000000 0.000000 1.000000 
1.000000 0.000000 0.000000 0.259521 0.000000 0.834078 -0.551646 0.464561 0.000000 0.551646 0.834078 0.308556 0.000000 0.000000 0.000000 1.000000 
1.000000 0.000000 0.000000 0.262029 0.000000 0.834944 -0.550335 0.463136 0.000000 0.550335 0.834944 0.307009 0.000000 0.000000 0.000000 1.000000 
1.000000 0.000000 0.000000 0.264528 0.000000 0.835807 -0.549023 0.461697 0.000000 0.549023 0.835807 0.305463 0.000000 0.000000 0.000000 1.000000 
1.000000 0.000000 0.000000 0.267019 0.000000 0.836669 -0.547709 0.460244 0.000000 0.547709 0.836669 0.303919 0.000000 0.000000 0.000000 1.000000 
1.000000 0.000000 0.000000 0.269502 0.000000 0.837528 -0.546394 0.458777 0.000000 0.546394 0.837528 0.302376 0.000000 0.000000 0.000000 1.000000 
1.000000 0.000000 0.000000 0.271977 0.000000 0.838385 -0.545078 0.457297 0.000000 0.545078 0.838385 0.300834 0.000000 0.000000 0.000000 1.000000 
1.000000 0.000000 0.000000 0.274443 0.000000 0.839240 -0.543760 0.455802 0.000000 0.543760 0.839240 0.299293 0.000000 0.000000 0.000000 1.000000 
1.000000 0.000000 0.000000 0.276902 0.000000 0.840094 -0.542442 0.454294 0.000000 0.542442 0.840094 0.297754 0.000000 0.000000 0.000000 1.000000 
1.000000 0.000000 0.000000 0.279352 0.000000 0.840945 -0.541121 0.452773 0.000000 0.541121 0.840945 0.296216 0.000000 0.000000 0.000000 1.000000 
1.000000 0.000000 0.000000 0.281793 0.000000 0.841794 -0.539800 0.451238 0.000000 0.539800 0.841794 0.294680 0.000000 0.000000 0.000000 1.000000 
1.000000 0.000000 0.000000 0.284226 0.000000 0.842640 -0.538477 0.449690 0.000000 0.538477 0.842640 0.293145 0.000000 0.000000 0.000000 1.000000 
1.000000 0.000000 0.000000 0.286650 0.000000 0.843485 -0.537152 0.448128 0.000000 0.537152 0.843485 0.291612 0.000000 0.000000 0.000000 1.000000 
1.000000 0.000000 0.000000 0.289066 0.000000 0.844328 -0.535827 0.446554 0.000000 0.535827 0.844328 0.290081 0.000000 0.000000 0.000000 1.000000 
1.000000 0.000000 0.000000 0.291472 0.000000 0.845169 -0.534500 0.444966 0.000000 0.534500 0.845169 0.288551 0.000000 0.000000 0.000000 1.000000 
1.000000 0.000000 0.000000 0.293870 0.000000 0.846007 -0.533172 0.443365 0.000000 0.533172 0.846007 0.287023 0.000000 0.000000 0.000000 1.000000 
1.000000 0.000000 0.000000 0.296259 0.000000 0.846844 -0.531842 0.441751 0.000000 0.531842 0.846844 0.285496 0.000000 0.000000 0.000000 1.000000 
1.000000 0.000000 0.000000 0.298639 0.000000 0.847678 -0.530511 0.440125 0.000000 0.530511 0.847678 0.283972 0.000000 0.000000 0.000000 1.000000 
1.000000 0.000000 0.000000 0.301010 0.000000 0.848510 -0.529179 0.438485 0.000000 0.529179 0.848510 0.282449 0.000000 0.000000 0.000000 1.000000 
1.000000 0.000000 0.000000 0.303371 0.000000 0.849340 -0.527846 0.436833 0.000000 0.527846 0.849340 0.280928 0.000000 0.000000 0.000000 1.000000 
1.000000 0.000000 0.000000 0.305724 0.000000 0.850168 -0.526511 0.435169 0.000000 0.526511 0.850168 0.279409 0.000000 0.000000 0.000000 1.000000 
1.000000 0.000000 0.000000 0.308067 0.000000 0.850994 -0.525175 0.433491 0.000000 0.525175 0.850994 0.277893 0.000000 0.000000 0.000000 1.000000 
1.000000 0.000000 0.000000 0.310401 0.000000 0.851818 -0.523837 0.431802 0.000000 0.523837 0.851818 0.276378 0.000000 0.000000 0.000000 1.000000 
1.000000 0.000000 0.000000 0.312725 0.000000 0.852640 -0.522499 0.430100 0.000000 0.522499 0.852640 0.274865 0.000000 0.000000 0.000000 1.000000 
1.000000 0.000000 0.000000 0.315040 0.000000 0.853460 -0.521159 0.428386 0.000000 0.521159 0.853460 0.273354 0.000000 0.000000 0.000000 1.000000 
1.000000 0.000000 0.000000 0.317345 0.000000 0.854277 -0.519817 0.426660 0.000000 0.519817 0.854277 0.271846 0.000000 0.000000 0.000000 1.000000 
1.000000 0.000000 0.000000 0.319640 0.000000 0.855093 -0.518475 0.424921 0.000000 0.518475 0.855093 0.270340 0.000000 0.000000 0.000000 1.000000 
1.000000 0.000000 0.000000 0.321926 0.000000 0.855906 -0.517131 0.423171 0.000000 0.517131 0.855906 0.268836 0.000000 0.000000 0.000000 1.000000 
1.000000 0.000000 0.000000 0.324202 0.000000 0.856718 -0.515786 0.421409 0.000000 0.515786 0.856718 0.267334 0.000000 0.000000 0.000000 1.000000 
1.000000 0.000000 0.000000 0.326468 0.000000 0.857527 -0.514440 0.419635 0.000000 0.514440 0.857527 0.265835 0.000000 0.000000 0.000000 1.000000 
1.000000 0.000000 0.000000 0.328723 0.000000 0.858334 -0.513092 0.417849 0.000000 0.513092 0.858334 0.264338 0.000000 0.000000 0.000000 1.000000 
1.000000 0.000000 0.000000 0.330969 0.000000 0.859139 -0.511743 0.416052 0.000000 0.511743 0.859139 0.262843 0.000000 0.000000 0.000000 1.000000 
1.000000 0.000000 0.000000 0.333205 0.000000 0.859941 -0.510393 0.414243 0.000000 0.510393 0.859941 0.261351 0.000000 0.000000 0.000000 1.000000 
1.000000 0.000000 0.000000 0.335430 0.000000 0.860742 -0.509041 0.412422 0.000000 0.509041 0.860742 0.259862 0.000000 0.000000 0.000000 1.000000 
1.000000 0.000000 0.000000 0.337646 0.000000 0.861541 -0.507689 0.410591 0.000000 0.507689 0.861541 0.258375 0.000000 0.000000 0.000000 1.000000 
1.000000 0.000000 0.000000 0.339850 0.000000 0.862337 -0.506335 0.408748 0.000000 0.506335 0.862337 0.256891 0.000000 0.000000 0.000000 1.000000 
1.000000 0.000000 0.000000 0.342045 0.000000 0.863131 -0.504980 0.406893 0.000000 0.504980 0.863131 0.255409 0.000000 0.000000 0.000000 1.000000 
1.000000 0.000000 0.000000 0.344229 0.000000 0.863923 -0.503623 0.405028 0.000000 0.503623 0.863923 0.253930 0.000000 0.000000 0.000000 1.000000 
1.000000 0.000000 0.000000 0.346402 0.000000 0.864713 -0.502266 0.403152 0.000000 0.502266 0.864713 0.252454 0.000000 0.000000 0.000000 1.000000 
1.000000 0.000000 0.000000 0.348564 0.000000 0.865501 -0.500907 0.401264 0.000000 0.500907 0.865501 0.250981 0.000000 0.000000 0.000000 1.000000 
1.000000 0.000000 0.000000 0.350716 0.000000 0.866287 -0.499546 0.399366 0.000000 0.499546 0.866287 0.249510 0.000000 0.000000 0.000000 1.000000 
1.000000 0.000000 0.000000 0.352857 0.000000 0.867071 -0.498185 0.397457 0.000000 0.498185 0.867071 0.248043 0.000000 0.000000 0.000000 1.000000 
1.000000 0.000000 0.000000 0.354987 0.000000 0.867852 -0.496822 0.395537 0.000000 0.496822 0.867852 0.246578 0.000000 0.000000 0.000000 1.000000 
1.000000 0.000000 0.000000 0.357106 0.000000 0.868632 -0.495459 0.393607 0.000000 0.495459 0.868632 0.245116 0.000000 0.000000 0.000000 1.000000 
1.000000 0.000000 0.000000 0.359214 0.000000 0.869409 -0.494094 0.391666 0.000000 0.494094 0.869409 0.243658 0.000000 0.000000 0.000000 1.000000 
1.000000 0.000000 0.000000 0.361311 0.000000 0.870184 -0.492727 0.389715 0.000000 0.492727 0.870184 0.242202 0.000000 0.000000 0.000000 1.000000 
1.000000 0.000000 0.000000 0.363397 0.000000 0.870957 -0.491360 0.387754 0.000000 0.491360 0.870957 0.240750 0.000000 0.000000 0.000000 1.000000 
1.000000 0.000000 0.000000 0.365471 0.000000 0.871727 -0.489991 0.385782 0.000000 0.489991 0.871727 0.239300 0.000000 0.000000 0.000000 1.000000 
1.000000 0.000000 0.000000 0.367534 0.000000 0.872496 -0.488621 0.383800 0.000000 0.488621 0.872496 0.237854 0.000000 0.000000 0.000000 1.000000 
1.000000 0.000000 0.000000 0.369586 0.000000 0.873262 -0.487250 0.381808 0.000000 0.487250 0.873262 0.236412 0.000000 0.000000 0.000000 1.000000 
1.000000 0.000000 0.000000 0.371626 0.000000 0.874027 -0.485878 0.379806 0.000000 0.485878 0.874027 0.234972 0.000000 0.000000 0.000000 1.000000 
1.000000 0.000000 0.000000 0.373655 0.000000 0.874789 -0.484504 0.377794 0.000000 0.484504 0.874789 0.233536 0.000000 0.000000 0.000000 1.000000 
1.000000 0.000000 0.000000 0.375672 0.000000 0.875549 -0.483130 0.375772 0.000000 0.483130 0.875549 0.232103 0.000000 0.000000 0.000000 1.000000 
1.000000 0.000000 0.000000 0.377677 0.000000 0.876307 -0.481754 0.373741 0.000000 0.481754 0.876307 0.230674 0.000000 0.000000 0.000000 1.000000 
1.000000 0.000000 0.000000 0.379670 0.000000 0.877062 -0.480377 0.371700 0.000000 0.480377 0.877062 0.229248 0.000000 0.000000 0.000000 1.000000 
1.000000 0.000000 0.000000 0.381652 0.000000 0.877816 -0.478998 0.369649 0.000000 0.478998 0.877816 0.227826 0.000000 0.000000 0.000000 1.000000 
1.000000 0.000000 0.000000 0.383621 0.000000 0.878567 -0.477619 0.367589 0.000000 0.477619 0.878567 0.226407 0.000000 0.000000 0.000000 1.000000 
1.000000 0.000000 0.000000 0.385579 0.000000 0.879316 -0.476238 0.365519 0.000000 0.476238 0.879316 0.224992 0.000000 0.000000 0.000000 1.000000 
1.000000 0.000000 0.000000 0.387524 0.000000 0.880063 -0.474856 0.363440 0.000000 0.474856 0.880063 0.223581 0.000000 0.000000 0.000000 1.000000 
1.000000 0.000000 0.000000 0.389457 0.000000 0.880808 -0.473473 0.361352 0.000000 0.473473 0.880808 0.222173 0.000000 0.000000 0.000000 1.000000 
1.000000 0.000000 0.000000 0.391378 0.000000 0.881551 -0.472089 0.359255 0.000000 0.472089 0.881551 0.220769 0.000000 0.000000 0.000000 1.000000 
1.000000 0.000000 0.000000 0.393287 0.000000 0.882291 -0.470704 0.357149 0.000000 0.470704 0.882291 0.219369 0.000000 0.000000 0.000000 1.000000 
1.000000 0.000000 0.000000 0.395183 0.000000 0.883030 -0.469317 0.355034 0.000000 0.469317 0.883030 0.217972 0.000000 0.000000 0.000000 1.000000 
1.000000 0.000000 0.000000 0.397067 0.000000 0.883766 -0.467930 0.352910 0.000000 0.467930 0.883766 0.216580 0.000000 0.000000 0.000000 1.000000 
1.000000 0.000000 0.000000 0.398938 0.000000 0.884500 -0.466541 0.350777 0.000000 0.466541 0.884500 0.215192 0.000000 0.000000 0.000000 1.000000 
1.000000 0.000000 0.000000 0.400796 0.000000 0.885231 -0.465151 0.348635 0.000000 0.465151 0.885231 0.213807 0.000000 0.000000 0.000000 1.000000 
1.000000 0.000000 0.000000 0.402642 0.000000 0.885961 -0.463760 0.346485 0.000000 0.463760 0.885961 0.212427 0.000000 0.000000 0.000000 1.000000 
1.000000 0.000000 0.000000 0.404475 0.000000 0.886688 -0.462368 0.344326 0.000000 0.462368 0.886688 0.211050 0.000000 0.000000 0.000000 1.000000 
1.000000 0.000000 0.000000 0.406295 0.000000 0.887413 -0.460974 0.342159 0.000000 0.460974 0.887413 0.209678 0.000000 0.000000 0.000000 1.000000 
1.000000 0.000000 0.000000 0.408102 0.000000 0.888136 -0.459580 0.339984 0.000000 0.459580 0.888136 0.208310 0.000000 0.000000 0.000000 1.000000 
1.000000 0.000000 0.000000 0.409896 0.000000 0.888857 -0.458184 0.337800 0.000000 0.458184 0.888857 0.206946 0.000000 0.000000 0.000000 1.000000 
1.000000 0.000000 0.000000 0.411677 0.000000 0.889576 -0.456787 0.335608 0.000000 0.456787 0.889576 0.205586 0.000000 0.000000 0.000000 1.000000 
1.000000 0.000000 0.000000 0.413445 0.000000 0.890292 -0.455390 0.333408 0.000000 0.455390 0.890292 0.204231 0.000000 0.000000 0.000000 1.000000 
1.000000 0.000000 0.000000 0.415200 0.000000 0.891007 -0.453990 0.331200 0.000000 0.453990 0.891007 0.202880 0.000000 0.000000 0.000000 1.000000 
1.000000 0.000000 0.000000 0.416941 0.000000 0.891719 -0.452590 0.328984 0.000000 0.452590 0.891719 0.201533 0.000000 0.000000 0.000000 1.000000 
1.000000 0.000000 0.000000 0.418669 0.000000 0.892428 -0.451189 0.326760 0.000000 0.451189 0.892428 0.200191 0.000000 0.000000 0.000000 1.000000 
1.000000 0.000000 0.000000 0.420384 0.000000 0.893136 -0.449787 0.324529 0.000000 0.449787 0.893136 0.198854 0.000000 0.000000 0.000000 1.000000 
1.000000 0.000000 0.000000 0.422085 0.000000 0.893841 -0.448383 0.322290 0.000000 0.448383 0.893841 0.197520 0.000000 0.000000 0.000000 1.000000 
1.000000 0.000000 0.000000 0.423772 0.000000 0.894545 -0.446979 0.320043 0.000000 0.446979 0.894545 0.196192 0.000000 0.000000 0.000000 1.000000 
1.000000 0.000000 0.000000 0.425446 0.000000 0.895246 -0.445573 0.317789 0.000000 0.445573 0.895246 0.194868 0.000000 0.000000 0.000000 1.000000 
1.000000 0.000000 0.000000 0.427105 0.000000 0.895944 -0.444166 0.315527 0.000000 0.444166 0.895944 0.193549 0.000000 0.000000 0.000000 1.000000 
1.000000 0.000000 0.000000 0.428751 0.000000 0.896641 -0.442758 0.313258 0.000000 0.442758 0.896641 0.192234 0.000000 0.000000 0.000000 1.000000 
1.000000 0.000000 0.000000 0.430383 0.000000 0.897335 -0.441349 0.310982 0.000000 0.441349 0.897335 0.190924 0.000000 0.000000 0.000000 1.000000 
1.000000 0.000000 0.000000 0.432001 0.000000 0.898028 -0.439939 0.308698 0.000000 0.439939 0.898028 0.189619 0.000000 0.000000 0.000000 1.000000 
1.000000 0.000000 0.000000 0.433605 0.000000 0.898718 -0.438528 0.306408 0.000000 0.438528 0.898718 0.188319 0.000000 0.000000 0.000000 1.000000 
1.000000 0.000000 0.000000 0.435195 0.000000 0.899405 -0.437116 0.304111 0.000000 0.437116 0.899405 0.187024 0.000000 0.000000 0.000000 1.000000 
1.000000 0.000000 0.000000 0.436771 0.000000 0.900091 -0.435702 0.301806 0.000000 0.435702 0.900091 0.185733 0.000000 0.000000 0.000000 1.000000 
1.000000 0.000000 0.000000 0.438332 0.000000 0.900774 -0.434288 0.299495 0.000000 0.434288 0.900774 0.184448 0.000000 0.000000 0.000000 1.000000 
1.000000 0.000000 0.000000 0.439879 0.000000 0.901455 -0.432873 0.297178 0.000000 0.432873 0.901455 0.183168 0.000000 0.000000 0.000000 1.000000 
1.000000 0.000000 0.000000 0.441411 0.000000 0.902134 -0.431456 0.294853 0.000000 0.431456 0.902134 0.181892 0.000000 0.000000 0.000000 1.000000 
1.000000 0.000000 0.000000 0.442929 0.000000 0.902811 -0.430038 0.292522 0.000000 0.430038 0.902811 0.180622 0.000000 0.000000 0.000000 1.000000 
1.000000 0.000000 0.000000 0.444433 0.000000 0.903485 -0.428620 0.290185 0.000000 0.428620 0.903485 0.179357 0.000000 0.000000 0.000000 1.000000 
1.000000 0.000000 0.000000 0.445921 0.000000 0.904157 -0.427200 0.287841 0.000000 0.427200 0.904157 0.178097 0.000000 0.000000 0.000000 1.000000 
1.000000 0.000000 0.000000 0.447395 0.000000 0.904827 -0.425779 0.285491 0.000000 0.425779 0.904827 0.176843 0.000000 0.000000 0.000000 1.000000 
1.000000 0.000000 0.000000 0.448854 0.000000 0.905495 -0.424357 0.283135 0.000000 0.424357 0.905495 0.175594 0.000000 0.000000 0.000000 1.000000 
1.000000 0.000000 0.000000 0.450298 0.000000 0.906160 -0.422935 0.280773 0.000000 0.422935 0.906160 0.174350 0.000000 0.000000 0.000000 1.000000 
1.000000 0.000000 0.000000 0.451728 0.000000 0.906823 -0.421511 0.278404 0.000000 0.421511 0.906823 0.173111 0.000000 0.000000 0.000000 1.000000 
1.000000 0.000000 0.000000 0.453142 0.000000 0.907484 -0.420086 0.276030 0.000000 0.420086 0.907484 0.171878 0.000000 0.000000 0.000000 1.000000 
1.000000 0.000000 0.000000 0.454541 0.000000 0.908143 -0.418660 0.273650 0.000000 0.418660 0.908143 0.170651 0.000000 0.000000 0.000000 1.000000 
1.000000 0.000000 0.000000 0.455924 0.000000 0.908800 -0.417233 0.271264 0.000000 0.417233 0.908800 0.169429 0.000000 0.000000 0.000000 1.000000 
1.000000 0.000000 0.000000 0.457293 0.000000 0.909454 -0.415805 0.268873 0.000000 0.415805 0.909454 0.168212 0.000000 0.000000 0.000000 1.000000 
1.000000 0.000000 0.000000 0.458646 0.000000 0.910106 -0.414376 0.266475 0.000000 0.414376 0.910106 0.167001 0.000000 0.000000 0.000000 1.000000 
1.000000 0.000000 0.000000 0.459984 0.000000 0.910756 -0.412945 0.264073 0.000000 0.412945 0.910756 0.165796 0.000000 0.000000 0.000000 1.000000 
1.000000 0.000000 0.000000 0.461306 0.000000 0.911403 -0.411514 0.261665 0.000000 0.411514 0.911403 0.164597 0.000000 0.000000 0.000000 1.000000 
1.000000 0.000000 0.000000 0.462612 0.000000 0.912049 -0.410082 0.259251 0.000000 0.410082 0.912049 0.163403 0.000000 0.000000 0.000000 1.000000 
1.000000 0.000000 0.000000 0.463903 0.000000 0.912692 -0.408649 0.256833 0.000000 0.408649 0.912692 0.162215 0.000000 0.000000 0.000000 1.000000 
1.000000 0.000000 0.000000 0.465178 0.000000 0.913332 -0.407215 0.254409 0.000000 0.407215 0.913332 0.161033 0.000000 0.000000 0.000000 1.000000 
1.000000 0.000000 0.000000 0.466438 0.000000 0.913971 -0.405780 0.251980 0.000000 0.405780 0.913971 0.159857 0.000000 0.000000 0.000000 1.000000 
1.000000 0.000000 0.000000 0.467681 0.000000 0.914607 -0.404344 0.249546 0.000000 0.404344 0.914607 0.158686 0.000000 0.000000 0.000000 1.000000 
1.000000 0.000000 0.000000 0.468909 0.000000 0.915241 -0.402906 0.247108 0.000000 0.402906 0.915241 0.157522 0.000000 0.000000 0.000000 1.000000 
1.000000 0.000000 0.000000 0.470120 0.000000 0.915873 -0.401468 0.244664 0.000000 0.401468 0.915873 0.156364 0.000000 0.000000 0.000000 1.000000 
1.000000 0.000000 0.000000 0.471316 0.000000 0.916502 -0.400029 0.242216 0.000000 0.400029 0.916502 0.155211 0.000000 0.000000 0.000000 1.000000 
1.000000 0.000000 0.000000 0.472495 0.000000 0.917130 -0.398589 0.239763 0.000000 0.398589 0.917130 0.154065 0.000000 0.000000 0.000000 1.000000 
1.000000 0.000000 0.000000 0.473658 0.000000 0.917755 -0.397148 0.237306 0.000000 0.397148 0.917755 0.152925 0.000000 0.000000 0.000000 1.000000 
1.000000 0.000000 0.000000 0.474804 0.000000 0.918377 -0.395706 0.234844 0.000000 0.395706 0.918377 0.151792 0.000000 0.000000 0.000000 1.000000 
1.000000 0.000000 0.000000 0.475934 0.000000 0.918998 -0.394263 0.232377 0.000000 0.394263 0.918998 0.150664 0.000000 0.000000 0.000000 1.000000 
1.000000 0.000000 0.000000 0.477048 0.000000 0.919616 -0.392819 0.229907 0.000000 0.392819 0.919616 0.149543 0.000000 0.000000 0.000000 1.000000 
1.000000 0.000000 0.000000 0.478145 0.000000 0.920232 -0.391374 0.227432 0.000000 0.391374 0.920232 0.148428 0.000000 0.000000 0.000000 1.000000 
1.000000 0.000000 0.000000 0.479225 0.000000 0.920845 -0.389928 0.224953 0.000000 0.389928 0.920845 0.147320 0.000000 0.000000 0.000000 1.000000 
1.000000 0.000000 0.000000 0.480289 0.000000 0.921457 -0.388481 0.222470 0.000000 0.388481 0.921457 0.146218 0.000000 0.000000 0.000000 1.000000 
1.000000 0.000000 0.000000 0.481336 0.000000 0.922066 -0.387033 0.219983 0.000000 0.387033 0.922066 0.145122 0.000000 0.000000 0.000000 1.000000 
1.000000 0.000000 0.000000 0.482366 0.000000 0.922673 -0.385584 0.217493 0.000000 0.385584 0.922673 0.144033 0.000000 0.000000 0.000000 1.000000 
1.000000 0.000000 0.000000 0.483379 0.000000 0.923277 -0.384134 0.214998 0.000000 0.384134 0.923277 0.142951 0.000000 0.000000 0.000000 1.000000 
1.000000 0.000000 0.000000 0.484375 0.000000 0.923880 -0.382683 0.212500 0.000000 0.382683 0.923880 0.141875 0.000000 0.000000 0.000000 1.000000 
1.000000 0.000000 0.000000 0.485354 0.000000 0.924480 -0.381232 0.209998 0.000000 0.381232 0.924480 0.140806 0.000000 0.000000 0.000000 1.000000 
1.000000 0.000000 0.000000 0.486316 0.000000 0.925077 -0.379779 0.207493 0.000000 0.379779 0.925077 0.139743 0.000000 0.000000 0.000000 1.000000 
1.000000 0.000000 0.000000 0.487260 0.000000 0.925673 -0.378326 0.204984 0.000000 0.378326 0.925673 0.138688 0.000000 0.000000 0.000000 1.000000 
1.000000 0.000000 0.000000 0.488187 0.000000 0.926266 -0.376871 0.202472 0.000000 0.376871 0.926266 0.137639 0.000000 0.000000 0.000000 1.000000 
1.000000 0.000000 0.000000 0.489097 0.000000 0.926857 -0.375416 0.199957 0.000000 0.375416 0.926857 0.136597 0.000000 0.000000 0.000000 1.000000 
1.000000 0.000000 0.000000 0.489989 0.000000 0.927445 -0.373959 0.197438 0.000000 0.373959 0.927445 0.135562 0.000000 0.000000 0.000000 1.000000 
1.000000 0.000000 0.000000 0.490864 0.000000 0.928031 -0.372502 0.194917 0.000000 0.372502 0.928031 0.134533 0.000000 0.000000 0.000000 1.000000 
1.000000 0.000000 0.000000 0.491721 0.000000 0.928615 -0.371044 0.192392 0.000000 0.371044 0.928615 0.133512 0.000000 0.000000 0.000000 1.000000 
1.000000 0.000000 0.000000 0.492561 0.000000 0.929197 -0.369585 0.189865 0.000000 0.369585 0.929197 0.132498 0.000000 0.000000 0.000000 1.000000 
1.000000 0.000000 0.000000 0.493382 0.000000 0.929776 -0.368125 0.187334 0.000000 0.368125 0.929776 0.131491 0.000000 0.000000 0.000000 1.000000 
1.000000 0.000000 0.000000 0.494186 0.000000 0.930354 -0.366664 0.184801 0.000000 0.366664 0.930354 0.130490 0.000000 0.000000 0.000000 1.000000 
1.000000 0.000000 0.000000 0.494972 0.000000 0.930928 -0.365202 0.182266 0.000000 0.365202 0.930928 0.129498 0.000000 0.000000 0.000000 1.000000 
1.000000 0.000000 0.000000 0.495740 0.000000 0.931501 -0.363739 0.179727 0.000000 0.363739 0.931501 0.128512 0.000000 0.000000 0.000000 1.000000 
1.000000 0.000000 0.000000 0.496490 0.000000 0.932071 -0.362275 0.177187 0.000000 0.362275 0.932071 0.127533 0.000000 0.000000 0.000000 1.000000 
1.000000 0.000000 0.000000 0.497221 0.000000 0.932639 -0.360811 0.174644 0.000000 0.360811 0.932639 0.126562 0.000000 0.000000 0.000000 1.000000 
1.000000 0.000000 0.000000 0.497935 0.000000 0.933205 -0.359345 0.172098 0.000000 0.359345 0.933205 0.125598 0.000000 0.000000 0.000000 1.000000 
1.000000 0.000000 0.000000 0.498630 0.000000 0.933768 -0.357879 0.169551 0.000000 0.357879 0.933768 0.124642 0.000000 0.000000 0.000000 1.000000 
1.000000 0.000000 0.000000 0.499306 0.000000 0.934329 -0.356412 0.167001 0.000000 0.356412 0.934329 0.123693 0.000000 0.000000 0.000000 1.000000 
1.000000 0.000000 0.000000 0.499965 0.000000 0.934888 -0.354944 0.164449 0.000000 0.354944 0.934888 0.122751 0.000000 0.000000 0.000000 1.000000 
1.000000 0.000000 0.000000 0.500604 0.000000 0.935444 -0.353475 0.161895 0.000000 0.353475 0.935444 0.121817 0.000000 0.000000 0.000000 1.000000 
1.000000 0.000000 0.000000 0.501225 0.000000 0.935998 -0.352005 0.159340 0.000000 0.352005 0.935998 0.120891 0.000000 0.000000 0.000000 1.000000 
1.000000 0.000000 0.000000 0.501828 0.000000 0.936550 -0.350534 0.156782 0.000000 0.350534 0.936550 0.119972 0.000000 0.000000 0.000000 1.000000 
1.000000 0.000000 0.000000 0.502411 0.000000 0.937099 -0.349063 0.154223 0.000000 0.349063 0.937099 0.119061 0.000000 0.000000 0.000000 1.000000 
1.000000 0.000000 0.000000 0.502976 0.000000 0.937646 -0.347590 0.151662 0.000000 0.347590 0.937646 0.118158 0.000000 0.000000 0.000000 1.000000 
1.000000 0.000000 0.000000 0.503522 0.000000 0.938191 -0.346117 0.149100 0.000000 0.346117 0.938191 0.117262 0.000000 0.000000 0.000000 1.000000 
1.000000 0.000000 0.000000 0.504049 0.000000 0.938734 -0.344643 0.146536 0.000000 0.344643 0.938734 0.116374 0.000000 0.000000 0.000000 1.000000 
1.000000 0.000000 0.000000 0.504557 0.000000 0.939274 -0.343168 0.143971 0.000000 0.343168 0.939274 0.115494 0.000000 0.000000 0.000000 1.000000 
1.000000 0.000000 0.000000 0.505045 0.000000 0.939812 -0.341692 0.141405 0.000000 0.341692 0.939812 0.114622 0.000000 0.000000 0.000000 1.000000 
1.000000 0.000000 0.000000 0.505515 0.000000 0.940348 -0.340215 0.138837 0.000000 0.340215 0.940348 0.113757 0.000000 0.000000 0.000000 1.000000 
1.000000 0.000000 0.000000 0.505965 0.000000 0.940881 -0.338738 0.136269 0.000000 0.338738 0.940881 0.112901 0.000000 0.000000 0.000000 1.000000 
1.000000 0.000000 0.000000 0.506396 0.000000 0.941412 -0.337260 0.133699 0.000000 0.337260 0.941412 0.112053 0.000000 0.000000 0.000000 1.000000 
1.000000 0.000000 0.000000 0.506807 0.000000 0.941940 -0.335780 0.131129 0.000000 0.335780 0.941940 0.111213 0.000000 0.000000 0.000000 1.000000 
1.000000 0.000000 0.000000 0.507199 0.000000 0.942467 -0.334300 0.128557 0.000000 0.334300 0.942467 0.110381 0.000000 0.000000 0.000000 1.000000 
1.000000 0.000000 0.000000 0.507571 0.000000 0.942991 -0.332820 0.125985 0.000000 0.332820 0.942991 0.109557 0.000000 0.000000 0.000000 1.000000 
1.000000 0.000000 0.000000 0.507924 0.000000 0.943512 -0.331338 0.123412 0.000000 0.331338 0.943512 0.108741 0.000000 0.000000 0.000000 1.000000 
1.000000 0.000000 0.000000 0.508256 0.000000 0.944031 -0.329855 0.120839 0.000000 0.329855 0.944031 0.107933 0.000000 0.000000 0.000000 1.000000 
1.000000 0.000000 0.000000 0.508569 0.000000 0.944548 -0.328372 0.118265 0.000000 0.328372 0.944548 0.107134 0.000000 0.000000 0.000000 1.000000 
1.000000 0.000000 0.000000 0.508862 0.000000 0.945063 -0.326888 0.115691 0.000000 0.326888 0.945063 0.106343 0.000000 0.000000 0.000000 1.000000 
1.000000 0.000000 0.000000 0.509136 0.000000 0.945575 -0.325403 0.113116 0.000000 0.325403 0.945575 0.105561 0.000000 0.000000 0.000000 1.000000 
1.000000 0.000000 0.000000 0.509389 0.000000 0.946085 -0.323917 0.110542 0.000000 0.323917 0.946085 0.104787 0.000000 0.000000 0.000000 1.000000 
1.000000 0.000000 0.000000 0.509622 0.000000 0.946593 -0.322431 0.107967 0.000000 0.322431 0.946593 0.104021 0.000000 0.000000 0.000000 1.000000 
1.000000 0.000000 0.000000 0.509834 0.000000 0.947098 -0.320944 0.105392 0.000000 0.320944 0.947098 0.103264 0.000000 0.000000 0.000000 1.000000 
1.000000 0.000000 0.000000 0.510027 0.000000 0.947601 -0.319456 0.102817 0.000000 0.319456 0.947601 0.102516 0.000000 0.000000 0.000000 1.000000 
1.000000 0.000000 0.000000 0.510199 0.000000 0.948102 -0.317967 0.100242 0.000000 0.317967 0.948102 0.101776 0.000000 0.000000 0.000000 1.000000 
1.000000 0.000000 0.000000 0.510351 0.000000 0.948600 -0.316477 0.097667 0.000000 0.316477 0.948600 0.101045 0.000000 0.000000 0.000000 1.000000 
1.000000 0.000000 0.000000 0.510482 0.000000 0.949096 -0.314987 0.095093 0.000000 0.314987 0.949096 0.100322 0.000000 0.000000 0.000000 1.000000 
1.000000 0.000000 0.000000 0.510592 0.000000 0.949590 -0.313495 0.092519 0.000000 0.313495 0.949590 0.099608 0.000000 0.000000 0.000000 1.000000 
1.000000 0.000000 0.000000 0.510682 0.000000 0.950081 -0.312003 0.089945 0.000000 0.312003 0.950081 0.098903 0.000000 0.000000 0.000000 1.000000 
1.000000 0.000000 0.000000 0.510752 0.000000 0.950570 -0.310511 0.087372 0.000000 0.310511 0.950570 0.098207 0.000000 0.000000 0.000000 1.000000 
1.000000 0.000000 0.000000 0.510800 0.000000 0.951057 -0.309017 0.084800 0.000000 0.309017 0.951057 0.097520 0.000000 0.000000 0.000000 1.000000 
1.000000 0.000000 0.000000 0.510828 0.000000 0.951541 -0.307523 0.082228 0.000000 0.307523 0.951541 0.096842 0.000000 0.000000 0.000000 1.000000 
1.000000 0.000000 0.000000 0.510834 0.000000 0.952023 -0.306028 0.079658 0.000000 0.306028 0.952023 0.096172 0.000000 0.000000 0.000000 1.000000 
1.000000 0.000000 0.000000 0.510820 0.000000 0.952502 -0.304532 0.077088 0.000000 0.304532 0.952502 0.095512 0.000000 0.000000 0.000000 1.000000 
1.000000 0.000000 0.000000 0.510784 0.000000 0.952979 -0.303035 0.074519 0.000000 0.303035 0.952979 0.094861 0.000000 0.000000 0.000000 1.000000 
1.000000 0.000000 0.000000 0.510727 0.000000 0.953454 -0.301538 0.071951 0.000000 0.301538 0.953454 0.094219 0.000000 0.000000 0.000000 1.000000 
1.000000 0.000000 0.000000 0.510649 0.000000 0.953927 -0.300040 0.069384 0.000000 0.300040 0.953927 0.093586 0.000000 0.000000 0.000000 1.000000 
1.000000 0.000000 0.000000 0.510550 0.000000 0.954397 -0.298541 0.066819 0.000000 0.298541 0.954397 0.092962 0.000000 0.000000 0.000000 1.000000 
1.000000 0.000000 0.000000 0.510429 0.000000 0.954865 -0.297042 0.064254 0.000000 0.297042 0.954865 0.092347 0.000000 0.000000 0.000000 1.000000 
1.000000 0.000000 0.000000 0.510287 0.000000 0.955330 -0.295541 0.061692 0.000000 0.295541 0.955330 0.091742 0.000000 0.000000 0.000000 1.000000 
1.000000 0.000000 0.000000 0.510123 0.000000 0.955793 -0.294040 0.059130 0.000000 0.294040 0.955793 0.091146 0.000000 0.000000 0.000000 1.000000 
1.000000 0.000000 0.000000 0.509938 0.000000 0.956254 -0.292539 0.056571 0.000000 0.292539 0.956254 0.090559 0.000000 0.000000 0.000000 1.000000 
1.000000 0.000000 0.000000 0.509731 0.000000 0.956712 -0.291036 0.054013 0.000000 0.291036 0.956712 0.089982 0.000000 0.000000 0.000000 1.000000 
1.000000 0.000000 0.000000 0.509502 0.000000 0.957168 -0.289533 0.051456 0.000000 0.289533 0.957168 0.089415 0.000000 0.000000 0.000000 1.000000 
1.000000 0.000000 0.000000 0.509251 0.000000 0.957622 -0.288029 0.048902 0.000000 0.288029 0.957622 0.088856 0.000000 0.000000 0.000000 1.000000 
1.000000 0.000000 0.000000 0.508978 0.000000 0.958073 -0.286525 0.046350 0.000000 0.286525 0.958073 0.088308 0.000000 0.000000 0.000000 1.000000 
1.000000 0.000000 0.000000 0.508684 0.000000 0.958522 -0.285019 0.043799 0.000000 0.285019 0.958522 0.087769 0.000000 0.000000 0.000000 1.000000 
1.000000 0.000000 0.000000 0.508367 0.000000 0.958968 -0.283513 0.041251 0.000000 0.283513 0.958968 0.087240 0.000000 0.000000 0.000000 1.000000 
1.000000 0.000000 0.000000 0.508028 0.000000 0.959412 -0.282007 0.038705 0.000000 0.282007 0.959412 0.086720 0.000000 0.000000 0.000000 1.000000 
1.000000 0.000000 0.000000 0.507667 0.000000 0.959854 -0.280499 0.036161 0.000000 0.280499 0.959854 0.086210 0.000000 0.000000 0.000000 1.000000 
1.000000 0.000000 0.000000 0.507283 0.000000 0.960294 -0.278991 0.033619 0.000000 0.278991 0.960294 0.085710 0.000000 0.000000 0.000000 1.000000 
1.000000 0.000000 0.000000 0.506877 0.000000 0.960731 -0.277482 0.031080 0.000000 0.277482 0.960731 0.085220 0.000000 0.000000 0.000000 1.000000 
1.000000 0.000000 0.000000 0.506449 0.000000 0.961165 -0.275973 0.028544 0.000000 0.275973 0.961165 0.084739 0.000000 0.000000 0.000000 1.000000 
1.000000 0.000000 0.000000 0.505998 0.000000 0.961598 -0.274463 0.026010 0.000000 0.274463 0.961598 0.084269 0.000000 0.000000 0.000000 1.000000 
1.000000 0.000000 0.000000 0.505524 0.000000 0.962028 -0.272952 0.023478 0.000000 0.272952 0.962028 0.083809 0.000000 0.000000 0.000000 1.000000 
1.000000 0.000000 0.000000 0.505028 0.000000 0.962455 -0.271440 0.020950 0.000000 0.271440 0.962455 0.083358 0.000000 0.000000 0.000000 1.000000 
1.000000 0.000000 0.000000 0.504509 0.000000 0.962880 -0.269928 0.018424 0.000000 0.269928 0.962880 0.082918 0.000000 0.000000 0.000000 1.000000 
1.000000 0.000000 0.000000 0.503967 0.000000 0.963303 -0.268415 0.015902 0.000000 0.268415 0.963303 0.082487 0.000000 0.000000 0.000000 1.000000 
1.000000 0.000000 0.000000 0.503402 0.000000 0.963724 -0.266902 0.013382 0.000000 0.266902 0.963724 0.082067 0.000000 0.000000 0.000000 1.000000 
1.000000 0.000000 0.000000 0.502815 0.000000 0.964142 -0.265388 0.010866 0.000000 0.265388 0.964142 0.081657 0.000000 0.000000 0.000000 1.000000 
1.000000 0.000000 0.000000 0.502204 0.000000 0.964557 -0.263873 0.008353 0.000000 0.263873 0.964557 0.081258 0.000000 0.000000 0.000000 1.000000 
1.000000 0.000000 0.000000 0.501570 0.000000 0.964971 -0.262358 0.005843 0.000000 0.262358 0.964971 0.080868 0.000000 0.000000 0.000000 1.000000 
1.000000 0.000000 0.000000 0.500913 0.000000 0.965382 -0.260842 0.003336 0.000000 0.260842 0.965382 0.080489 0.000000 0.000000 0.000000 1.000000 
1.000000 0.000000 0.000000 0.500232 0.000000 0.965790 -0.259325 0.000834 0.000000 0.259325 0.965790 0.080121 0.000000 0.000000 0.000000 1.000000 
1.000000 0.000000 0.000000 0.499528 0.000000 0.966196 -0.257807 -0.001666 0.000000 0.257807 0.966196 0.079762 0.000000 0.000000 0.000000 1.000000 
1.000000 0.000000 0.000000 0.498801 0.000000 0.966600 -0.256289 -0.004162 0.000000 0.256289 0.966600 0.079415 0.000000 0.000000 0.000000 1.000000 
1.000000 0.000000 0.000000 0.498050 0.000000 0.967001 -0.254771 -0.006654 0.000000 0.254771 0.967001 0.079077 0.000000 0.000000 0.000000 1.000000 
1.000000 0.000000 0.000000 0.497275 0.000000 0.967400 -0.253251 -0.009142 0.000000 0.253251 0.967400 0.078751 0.000000 0.000000 0.000000 1.000000 
1.000000 0.000000 0.000000 0.496477 0.000000 0.967797 -0.251732 -0.011626 0.000000 0.251732 0.967797 0.078434 0.000000 0.000000 0.000000 1.000000 
1.000000 0.000000 0.000000 0.495655 0.000000 0.968191 -0.250211 -0.014106 0.000000 0.250211 0.968191 0.078129 0.000000 0.000000 0.000000 1.000000 
1.000000 0.000000 0.000000 0.494810 0.000000 0.968583 -0.248690 -0.016582 0.000000 0.248690 0.968583 0.077834 0.000000 0.000000 0.000000 1.000000 
1.000000 0.000000 0.000000 0.493940 0.000000 0.968973 -0.247168 -0.019054 0.000000 0.247168 0.968973 0.077550 0.000000 0.000000 0.000000 1.000000 
1.000000 0.000000 0.000000 0.493046 0.000000 0.969360 -0.245646 -0.021522 0.000000 0.245646 0.969360 0.077277 0.000000 0.000000 0.000000 1.000000 
1.000000 0.000000 0.000000 0.492129 0.000000 0.969744 -0.244123 -0.023985 0.000000 0.244123 0.969744 0.077015 0.000000 0.000000 0.000000 1.000000 
1.000000 0.000000 0.000000 0.491187 0.000000 0.970127 -0.242599 -0.026444 0.000000 0.242599 0.970127 0.076763 0.000000 0.000000 0.000000 1.000000 
1.000000 0.000000 0.000000 0.490221 0.000000 0.970506 -0.241075 -0.028899 0.000000 0.241075 0.970506 0.076523 0.000000 0.000000 0.000000 1.000000 
1.000000 0.000000 0.000000 0.489231 0.000000 0.970884 -0.239550 -0.031349 0.000000 0.239550 0.970884 0.076293 0.000000 0.000000 0.000000 1.000000 
1.000000 0.000000 0.000000 0.488216 0.000000 0.971259 -0.238025 -0.033794 0.000000 0.238025 0.971259 0.076074 0.000000 0.000000 0.000000 1.000000 
1.000000 0.000000 0.000000 0.487177 0.000000 0.971632 -0.236499 -0.036234 0.000000 0.236499 0.971632 0.075867 0.000000 0.000000 0.000000 1.000000 
1.000000 0.000000 0.000000 0.486113 0.000000 0.972002 -0.234972 -0.038669 0.000000 0.234972 0.972002 0.075670 0.000000 0.000000 0.000000 1.000000 
1.000000 0.000000 0.000000 0.485025 0.000000 0.972370 -0.233445 -0.041100 0.000000 0.233445 0.972370 0.075485 0.000000 0.000000 0.000000 1.000000 
1.000000 0.000000 0.000000 0.483912 0.000000 0.972735 -0.231918 -0.043525 0.000000 0.231918 0.972735 0.075311 0.000000 0.000000 0.000000 1.000000 
1.000000 0.000000 0.000000 0.482775 0.000000 0.973099 -0.230389 -0.045946 0.000000 0.230389 0.973099 0.075148 0.000000 0.000000 0.000000 1.000000 
1.000000 0.000000 0.000000 0.481612 0.000000 0.973459 -0.228861 -0.048361 0.000000 0.228861 0.973459 0.074996 0.000000 0.000000 0.000000 1.000000 
1.000000 0.000000 0.000000 0.480425 0.000000 0.973817 -0.227331 -0.050771 0.000000 0.227331 0.973817 0.074856 0.000000 0.000000 0.000000 1.000000 
1.000000 0.000000 0.000000 0.479213 0.000000 0.974173 -0.225801 -0.053175 0.000000 0.225801 0.974173 0.074727 0.000000 0.000000 0.000000 1.000000 
1.000000 0.000000 0.000000 0.477975 0.000000 0.974527 -0.224271 -0.055574 0.000000 0.224271 0.974527 0.074610 0.000000 0.000000 0.000000 1.000000 
1.000000 0.000000 0.000000 0.476713 0.000000 0.974878 -0.222740 -0.057968 0.000000 0.222740 0.974878 0.074504 0.000000 0.000000 0.000000 1.000000 
1.000000 0.000000 0.000000 0.475425 0.000000 0.975227 -0.221208 -0.060355 0.000000 0.221208 0.975227 0.074410 0.000000 0.000000 0.000000 1.000000 
1.000000 0.000000 0.000000 0.474113 0.000000 0.975573 -0.219676 -0.062737 0.000000 0.219676 0.975573 0.074327 0.000000 0.000000 0.000000 1.000000 
1.000000 0.000000 0.000000 0.472774 0.000000 0.975917 -0.218143 -0.065114 0.000000 0.218143 0.975917 0.074255 0.000000 0.000000 0.000000 1.000000 
1.000000 0.000000 0.000000 0.471411 0.000000 0.976258 -0.216610 -0.067484 0.000000 0.216610 0.976258 0.074196 0.000000 0.000000 0.000000 1.000000 
1.000000 0.000000 0.000000 0.470022 0.000000 0.976597 -0.215076 -0.069848 0.000000 0.215076 0.976597 0.074148 0.000000 0.000000 0.000000 1.000000 
1.000000 0.000000 0.000000 0.468607 0.000000 0.976934 -0.213542 -0.072206 0.000000 0.213542 0.976934 0.074112 0.000000 0.000000 0.000000 1.000000 
1.000000 0.000000 0.000000 0.467167 0.000000 0.977268 -0.212007 -0.074559 0.000000 0.212007 0.977268 0.074087 0.000000 0.000000 0.000000 1.000000 
1.000000 0.000000 0.000000 0.465701 0.000000 0.977600 -0.210472 -0.076904 0.000000 0.210472 0.977600 0.074075 0.000000 0.000000 0.000000 1.000000 
1.000000 0.000000 0.000000 0.464209 0.000000 0.977929 -0.208936 -0.079244 0.000000 0.208936 0.977929 0.074074 0.000000 0.000000 0.000000 1.000000 
1.000000 0.000000 0.000000 0.462691 0.000000 0.978256 -0.207400 -0.081577 0.000000 0.207400 0.978256 0.074085 0.000000 0.000000 0.000000 1.000000 
1.000000 0.000000 0.000000 0.461148 0.000000 0.978581 -0.205863 -0.083904 0.000000 0.205863 0.978581 0.074108 0.000000 0.000000 0.000000 1.000000 
1.000000 0.000000 0.000000 0.459578 0.000000 0.978903 -0.204325 -0.086224 0.000000 0.204325 0.978903 0.074143 0.000000 0.000000 0.000000 1.000000 
1.000000 0.000000 0.000000 0.457982 0.000000 0.979223 -0.202787 -0.088537 0.000000 0.202787 0.979223 0.074191 0.000000 0.000000 0.000000 1.000000 
1.000000 0.000000 0.000000 0.456360 0.000000 0.979540 -0.201249 -0.090843 0.000000 0.201249 0.979540 0.074250 0.000000 0.000000 0.000000 1.000000 
1.000000 0.000000 0.000000 0.454712 0.000000 0.979855 -0.199710 -0.093143 0.000000 0.199710 0.979855 0.074322 0.000000 0.000000 0.000000 1.000000 
1.000000 0.000000 0.000000 0.453038 0.000000 0.980168 -0.198171 -0.095436 0.000000 0.198171 0.980168 0.074405 0.000000 0.000000 0.000000 1.000000 
1.000000 0.000000 0.000000 0.451337 0.000000 0.980478 -0.196631 -0.097721 0.000000 0.196631 0.980478 0.074501 0.000000 0.000000 0.000000 1.000000 
1.000000 0.000000 0.000000 0.449609 0.000000 0.980785 -0.195090 -0.100000 0.000000 0.195090 0.980785 0.074609 0.000000 0.000000 0.000000 1.000000 
1.000000 0.000000 0.000000 0.447855 0.000000 0.981091 -0.193549 -0.102271 0.000000 0.193549 0.981091 0.074730 0.000000 0.000000 0.000000 1.000000 
1.000000 0.000000 0.000000 0.446075 0.000000 0.981393 -0.192008 -0.104535 0.000000 0.192008 0.981393 0.074863 0.000000 0.000000 0.000000 1.000000 
1.000000 0.000000 0.000000 0.444268 0.000000 0.981694 -0.190466 -0.106792 0.000000 0.190466 0.981694 0.075008 0.000000 0.000000 0.000000 1.000000 
1.000000 0.000000 0.000000 0.442434 0.000000 0.981992 -0.188924 -0.109041 0.000000 0.188924 0.981992 0.075166 0.000000 0.000000 0.000000 1.000000 
1.000000 0.000000 0.000000 0.440573 0.000000 0.982287 -0.187381 -0.111283 0.000000 0.187381 0.982287 0.075336 0.000000 0.000000 0.000000 1.000000 
1.000000 0.000000 0.000000 0.438685 0.000000 0.982580 -0.185838 -0.113517 0.000000 0.185838 0.982580 0.075519 0.000000 0.000000 0.000000 1.000000 
1.000000 0.000000 0.000000 0.436770 0.000000 0.982871 -0.184294 -0.115744 0.000000 0.184294 0.982871 0.075715 0.000000 0.000000 0.000000 1.000000 
1.000000 0.000000 0.000000 0.434828 0.000000 0.983159 -0.182750 -0.117962 0.000000 0.182750 0.983159 0.075923 0.000000 0.000000 0.000000 1.000000 
1.000000 0.000000 0.000000 0.432859 0.000000 0.983445 -0.181206 -0.120173 0.000000 0.181206 0.983445 0.076144 0.000000 0.000000 0.000000 1.000000 
1.000000 0.000000 0.000000 0.430863 0.000000 0.983729 -0.179661 -0.122376 0.000000 0.179661 0.983729 0.076377 0.000000 0.000000 0.000000 1.000000 
1.000000 0.000000 0.000000 0.428839 0.000000 0.984010 -0.178115 -0.124570 0.000000 0.178115 0.984010 0.076624 0.000000 0.000000 0.000000 1.000000 
1.000000 0.000000 0.000000 0.426789 0.000000 0.984288 -0.176569 -0.126757 0.000000 0.176569 0.984288 0.076883 0.000000 0.000000 0.000000 1.000000 
1.000000 0.000000 0.000000 0.424710 0.000000 0.984564 -0.175023 -0.128935 0.000000 0.175023 0.984564 0.077155 0.000000 0.000000 0.000000 1.000000 
1.000000 0.000000 0.000000 0.422604 0.000000 0.984838 -0.173476 -0.131105 0.000000 0.173476 0.984838 0.077440 0.000000 0.000000 0.000000 1.000000 
1.000000 0.000000 0.000000 0.420471 0.000000 0.985109 -0.171929 -0.133266 0.000000 0.171929 0.985109 0.077738 0.000000 0.000000 0.000000 1.000000 
1.000000 0.000000 0.000000 0.418309 0.000000 0.985378 -0.170381 -0.135419 0.000000 0.170381 0.985378 0.078049 0.000000 0.000000 0.000000 1.000000 
1.000000 0.000000 0.000000 0.416120 0.000000 0.985645 -0.168833 -0.137564 0.000000 0.168833 0.985645 0.078373 0.000000 0.000000 0.000000 1.000000 
1.000000 0.000000 0.000000 0.413904 0.000000 0.985909 -0.167285 -0.139700 0.000000 0.167285 0.985909 0.078710 0.000000 0.000000 0.000000 1.000000 
1.000000 0.000000 0.000000 0.411659 0.000000 0.986170 -0.165736 -0.141827 0.000000 0.165736 0.986170 0.079060 0.000000 0.000000 0.000000 1.000000 
1.000000 0.000000 0.000000 0.409386 0.000000 0.986429 -0.164187 -0.143945 0.000000 0.164187 0.986429 0.079423 0.000000 0.000000 0.000000 1.000000 
1.000000 0.000000 0.000000 0.407085 0.000000 0.986686 -0.162637 -0.146054 0.000000 0.162637 0.986686 0.079800 0.000000 0.000000 0.000000 1.000000 
1.000000 0.000000 0.000000 0.404756 0.000000 0.986940 -0.161087 -0.148154 0.000000 0.161087 0.986940 0.080190 0.000000 0.000000 0.000000 1.000000 
1.000000 0.000000 0.000000 0.402399 0.000000 0.987192 -0.159537 -0.150245 0.000000 0.159537 0.987192 0.080593 0.000000 0.000000 0.000000 1.000000 
1.000000 0.000000 0.000000 0.400014 0.000000 0.987441 -0.157986 -0.152327 0.000000 0.157986 0.987441 0.081010 0.000000 0.000000 0.000000 1.000000 
1.000000 0.000000 0.000000 0.397600 0.000000 0.987688 -0.156434 -0.154400 0.000000 0.156434 0.987688 0.081440 0.000000 0.000000 0.000000 1.000000 
1.000000 0.000000 0.000000 0.395158 0.000000 0.987933 -0.154883 -0.156463 0.000000 0.154883 0.987933 0.081884 0.000000 0.000000 0.000000 1.000000 
1.000000 0.000000 0.000000 0.392687 0.000000 0.988175 -0.153331 -0.158517 0.000000 0.153331 0.988175 0.082341 0.000000 0.000000 0.000000 1.000000 
1.000000 0.000000 0.000000 0.390188 0.000000 0.988415 -0.151778 -0.160561 0.000000 0.151778 0.988415 0.082811 0.000000 0.000000 0.000000 1.000000 
1.000000 0.000000 0.000000 0.387660 0.000000 0.988652 -0.150226 -0.162596 0.000000 0.150226 0.988652 0.083295 0.000000 0.000000 0.000000 1.000000 
1.000000 0.000000 0.000000 0.385103 0.000000 0.988886 -0.148672 -0.164621 0.000000 0.148672 0.988886 0.083793 0.000000 0.000000 0.000000 1.000000 
1.000000 0.000000 0.000000 0.382517 0.000000 0.989119 -0.147119 -0.166636 0.000000 0.147119 0.989119 0.084305 0.000000 0.000000 0.000000 1.000000 
1.000000 0.000000 0.000000 0.379903 0.000000 0.989349 -0.145565 -0.168642 0.000000 0.145565 0.989349 0.084830 0.000000 0.000000 0.000000 1.000000 
1.000000 0.000000 0.000000 0.377259 0.000000 0.989576 -0.144011 -0.170637 0.000000 0.144011 0.989576 0.085369 0.000000 0.000000 0.000000 1.000000 
1.000000 0.000000 0.000000 0.374587 0.000000 0.989801 -0.142456 -0.172622 0.000000 0.142456 0.989801 0.085922 0.000000 0.000000 0.000000 1.000000 
1.000000 0.000000 0.000000 0.371885 0.000000 0.990024 -0.140901 -0.174598 0.000000 0.140901 0.990024 0.086489 0.000000 0.000000 0.000000 1.000000 
1.000000 0.000000 0.000000 0.369155 0.000000 0.990244 -0.139346 -0.176563 0.000000 0.139346 0.990244 0.087069 0.000000 0.000000 0.000000 1.000000 
1.000000 0.000000 0.000000 0.366395 0.000000 0.990461 -0.137790 -0.178517 0.000000 0.137790 0.990461 0.087664 0.000000 0.000000 0.000000 1.000000 
1.000000 0.000000 0.000000 0.363605 0.000000 0.990677 -0.136234 -0.180461 0.000000 0.136234 0.990677 0.088273 0.000000 0.000000 0.000000 1.000000 
1.000000 0.000000 0.000000 0.360786 0.000000 0.990889 -0.134678 -0.182395 0.000000 0.134678 0.990889 0.088895 0.000000 0.000000 0.000000 1.000000 
1.000000 0.000000 0.000000 0.357938 0.000000 0.991100 -0.133121 -0.184318 0.000000 0.133121 0.991100 0.089532 0.000000 0.000000 0.000000 1.000000 
1.000000 0.000000 0.000000 0.355060 0.000000 0.991308 -0.131564 -0.186231 0.000000 0.131564 0.991308 0.090183 0.000000 0.000000 0.000000 1.000000 
1.000000 0.000000 0.000000 0.352153 0.000000 0.991513 -0.130007 -0.188133 0.000000 0.130007 0.991513 0.090848 0.000000 0.000000 0.000000 1.000000 
1.000000 0.000000 0.000000 0.349215 0.000000 0.991716 -0.128449 -0.190024 0.000000 0.128449 0.991716 0.091528 0.000000 0.000000 0.000000 1.000000 
1.000000 0.000000 0.000000 0.346248 0.000000 0.991917 -0.126891 -0.191904 0.000000 0.126891 0.991917 0.092221 0.000000 0.000000 0.000000 1.000000 
1.000000 0.000000 0.000000 0.343251 0.000000 0.992115 -0.125333 -0.193773 0.000000 0.125333 0.992115 0.092929 0.000000 0.000000 0.000000 1.000000 
1.000000 0.000000 0.000000 0.340224 0.000000 0.992310 -0.123775 -0.195631 0.000000 0.123775 0.992310 0.093652 0.000000 0.000000 0.000000 1.000000 
1.000000 0.000000 0.000000 0.337167 0.000000 0.992504 -0.122216 -0.197478 0.000000 0.122216 0.992504 0.094388 0.000000 0.000000 0.000000 1.000000 
1.000000 0.000000 0.000000 0.334080 0.000000 0.992694 -0.120657 -0.199313 0.000000 0.120657 0.992694 0.095140 0.000000 0.000000 0.000000 1.000000 
1.000000 0.000000 0.000000 0.330963 0.000000 0.992883 -0.119097 -0.201137 0.000000 0.119097 0.992883 0.095905 0.000000 0.000000 0.000000 1.000000 
1.000000 0.000000 0.000000 0.327816 0.000000 0.993068 -0.117537 -0.202950 0.000000 0.117537 0.993068 0.096686 0.000000 0.000000 0.000000 1.000000 
1.000000 0.000000 0.000000 0.324638 0.000000 0.993252 -0.115977 -0.204751 0.000000 0.115977 0.993252 0.097481 0.000000 0.000000 0.000000 1.000000 
1.000000 0.000000 0.000000 0.321430 0.000000 0.993433 -0.114417 -0.206541 0.000000 0.114417 0.993433 0.098290 0.000000 0.000000 0.000000 1.000000 
1.000000 0.000000 0.000000 0.318191 0.000000 0.993611 -0.112856 -0.208319 0.000000 0.112856 0.993611 0.099114 0.000000 0.000000 0.000000 1.000000 
1.000000 0.000000 0.000000 0.314922 0.000000 0.993787 -0.111295 -0.210085 0.000000 0.111295 0.993787 0.099953 0.000000 0.000000 0.000000 1.000000 
1.000000 0.000000 0.000000 0.311622 0.000000 0.993961 -0.109734 -0.211839 0.000000 0.109734 0.993961 0.100807 0.000000 0.000000 0.000000 1.000000 
1.000000 0.000000 0.000000 0.308291 0.000000 0.994132 -0.108173 -0.213582 0.000000 0.108173 0.994132 0.101675 0.000000 0.000000 0.000000 1.000000 
1.000000 0.000000 0.000000 0.304930 0.000000 0.994301 -0.106611 -0.215312 0.000000 0.106611 0.994301 0.102559 0.000000 0.000000 0.000000 1.000000 
1.000000 0.000000 0.000000 0.301538 0.000000 0.994467 -0.105049 -0.217030 0.000000 0.105049 0.994467 0.103457 0.000000 0.000000 0.000000 1.000000 
1.000000 0.000000 0.000000 0.298114 0.000000 0.994631 -0.103487 -0.218736 0.000000 0.103487 0.994631 0.104371 0.000000 0.000000 0.000000 1.000000 
1.000000 0.000000 0.000000 0.294660 0.000000 0.994792 -0.101924 -0.220430 0.000000 0.101924 0.994792 0.105299 0.000000 0.000000 0.000000 1.000000 
1.000000 0.000000 0.000000 0.291175 0.000000 0.994951 -0.100362 -0.222111 0.000000 0.100362 0.994951 0.106242 0.000000 0.000000 0.000000 1.000000 
1.000000 0.000000 0.000000 0.287659 0.000000 0.995107 -0.098799 -0.223780 0.000000 0.098799 0.995107 0.107201 0.000000 0.000000 0.000000 1.000000 
1.000000 0.000000 0.000000 0.284111 0.000000 0.995261 -0.097235 -0.225436 0.000000 0.097235 0.995261 0.108174 0.000000 0.000000 0.000000 1.000000 
1.000000 0.000000 0.000000 0.280532 0.000000 0.995413 -0.095672 -0.227080 0.000000 0.095672 0.995413 0.109163 0.000000 0.000000 0.000000 1.000000 
1.000000 0.000000 0.000000 0.276922 0.000000 0.995562 -0.094108 -0.228710 0.000000 0.094108 0.995562 0.110167 0.000000 0.000000 0.000000 1.000000 
1.000000 0.000000 0.000000 0.273280 0.000000 0.995709 -0.092544 -0.230328 0.000000 0.092544 0.995709 0.111186 0.000000 0.000000 0.000000 1.000000 
1.000000 0.000000 0.000000 0.269606 0.000000 0.995853 -0.090980 -0.231934 0.000000 0.090980 0.995853 0.112221 0.000000 0.000000 0.000000 1.000000 
1.000000 0.000000 0.000000 0.265901 0.000000 0.995994 -0.089416 -0.233526 0.000000 0.089416 0.995994 0.113271 0.000000 0.000000 0.000000 1.000000 
1.000000 0.000000 0.000000 0.262165 0.000000 0.996134 -0.087851 -0.235105 0.000000 0.087851 0.996134 0.114336 0.000000 0.000000 0.000000 1.000000 
1.000000 0.000000 0.000000 0.258396 0.000000 0.996270 -0.086286 -0.236671 0.000000 0.086286 0.996270 0.115417 0.000000 0.000000 0.000000 1.000000 
1.000000 0.000000 0.000000 0.254596 0.000000 0.996405 -0.084721 -0.238223 0.000000 0.084721 0.996405 0.116514 0.000000 0.000000 0.000000 1.000000 
1.000000 0.000000 0.000000 0.250764 0.000000 0.996537 -0.083156 -0.239763 0.000000 0.083156 0.996537 0.117625 0.000000 0.000000 0.000000 1.000000 
1.000000 0.000000 0.000000 0.246900 0.000000 0.996666 -0.081591 -0.241289 0.000000 0.081591 0.996666 0.118753 0.000000 0.000000 0.000000 1.000000 
1.000000 0.000000 0.000000 0.243003 0.000000 0.996793 -0.080025 -0.242801 0.000000 0.080025 0.996793 0.119896 0.000000 0.000000 0.000000 1.000000 
1.000000 0.000000 0.000000 0.239075 0.000000 0.996917 -0.078459 -0.244300 0.000000 0.078459 0.996917 0.121055 0.000000 0.000000 0.000000 1.000000 
1.000000 0.000000 0.000000 0.235114 0.000000 0.997039 -0.076893 -0.245785 0.000000 0.076893 0.997039 0.122230 0.000000 0.000000 0.000000 1.000000 
1.000000 0.000000 0.000000 0.231121 0.000000 0.997159 -0.075327 -0.247257 0.000000 0.075327 0.997159 0.123420 0.000000 0.000000 0.000000 1.000000 
1.000000 0.000000 0.000000 0.227096 0.000000 0.997276 -0.073760 -0.248714 0.000000 0.073760 0.997276 0.124626 0.000000 0.000000 0.000000 1.000000 
1.000000 0.000000 0.000000 0.223038 0.000000 0.997391 -0.072194 -0.250158 0.000000 0.072194 0.997391 0.125848 0.000000 0.000000 0.000000 1.000000 
1.000000 0.000000 0.000000 0.218948 0.000000 0.997503 -0.070627 -0.251587 0.000000 0.070627 0.997503 0.127086 0.000000 0.000000 0.000000 1.000000 
1.000000 0.000000 0.000000 0.214825 0.000000 0.997613 -0.069060 -0.253003 0.000000 0.069060 0.997613 0.128340 0.000000 0.000000 0.000000 1.000000 
1.000000 0.000000 0.000000 0.210670 0.000000 0.997720 -0.067493 -0.254404 0.000000 0.067493 0.997720 0.129610 0.000000 0.000000 0.000000 1.000000 
1.000000 0.000000 0.000000 0.206482 0.000000 0.997825 -0.065926 -0.255791 0.000000 0.065926 0.997825 0.130896 0.000000 0.000000 0.000000 1.000000 
1.000000 0.000000 0.000000 0.202260 0.000000 0.997927 -0.064358 -0.257163 0.000000 0.064358 0.997927 0.132198 0.000000 0.000000 0.000000 1.000000 
1.000000 0.000000 0.000000 0.198006 0.000000 0.998027 -0.062791 -0.258522 0.000000 0.062791 0.998027 0.133516 0.000000 0.000000 0.000000 1.000000 
1.000000 0.000000 0.000000 0.193719 0.000000 0.998124 -0.061223 -0.259865 0.000000 0.061223 0.998124 0.134851 0.000000 0.000000 0.000000 1.000000 
1.000000 0.000000 0.000000 0.189399 0.000000 0.998219 -0.059655 -0.261194 0.000000 0.059655 0.998219 0.136201 0.000000 0.000000 0.000000 1.000000 
1.000000 0.000000 0.000000 0.185046 0.000000 0.998312 -0.058087 -0.262508 0.000000 0.058087 0.998312 0.137568 0.000000 0.000000 0.000000 1.000000 
1.000000 0.000000 0.000000 0.180660 0.000000 0.998402 -0.056519 -0.263808 0.000000 0.056519 0.998402 0.138951 0.000000 0.000000 0.000000 1.000000 
1.000000 0.000000 0.000000 0.176240 0.000000 0.998489 -0.054950 -0.265092 0.000000 0.054950 0.998489 0.140351 0.000000 0.000000 0.000000 1.000000 
1.000000 0.000000 0.000000 0.171787 0.000000 0.998574 -0.053382 -0.266362 0.000000 0.053382 0.998574 0.141767 0.000000 0.000000 0.000000 1.000000 
1.000000 0.000000 0.000000 0.167301 0.000000 0.998657 -0.051813 -0.267616 0.000000 0.051813 0.998657 0.143199 0.000000 0.000000 0.000000 1.000000 
1.000000 0.000000 0.000000 0.162781 0.000000 0.998737 -0.050244 -0.268856 0.000000 0.050244 0.998737 0.144648 0.000000 0.000000 0.000000 1.000000 
1.000000 0.000000 0.000000 0.158227 0.000000 0.998815 -0.048675 -0.270080 0.000000 0.048675 0.998815 0.146114 0.000000 0.000000 0.000000 1.000000 
1.000000 0.000000 0.000000 0.153640 0.000000 0.998890 -0.047106 -0.271289 0.000000 0.047106 0.998890 0.147596 0.000000 0.000000 0.000000 1.000000 
1.000000 0.000000 0.000000 0.149019 0.000000 0.998963 -0.045537 -0.272482 0.000000 0.045537 0.998963 0.149095 0.000000 0.000000 0.000000 1.000000 
1.000000 0.000000 0.000000 0.144365 0.000000 0.999033 -0.043968 -0.273660 0.000000 0.043968 0.999033 0.150610 0.000000 0.000000 0.000000 1.000000 
1.000000 0.000000 0.000000 0.139676 0.000000 0.999101 -0.042399 -0.274822 0.000000 0.042399 0.999101 0.152142 0.000000 0.000000 0.000000 1.000000 
1.000000 0.000000 0.000000 0.134953 0.000000 0.999166 -0.040829 -0.275969 0.000000 0.040829 0.999166 0.153691 0.000000 0.000000 0.000000 1.000000 
1.000000 0.000000 0.000000 0.130197 0.000000 0.999229 -0.039260 -0.277100 0.000000 0.039260 0.999229 0.155257 0.000000 0.000000 0.000000 1.000000 
1.000000 0.000000 0.000000 0.125406 0.000000 0.999289 -0.037690 -0.278215 0.000000 0.037690 0.999289 0.156839 0.000000 0.000000 0.000000 1.000000 
1.000000 0.000000 0.000000 0.120581 0.000000 0.999347 -0.036120 -0.279314 0.000000 0.036120 0.999347 0.158439 0.000000 0.000000 0.000000 1.000000 
1.000000 0.000000 0.000000 0.115722 0.000000 0.999403 -0.034551 -0.280397 0.000000 0.034551 0.999403 0.160056 0.000000 0.000000 0.000000 1.000000 
1.000000 0.000000 0.000000 0.110829 0.000000 0.999456 -0.032981 -0.281464 0.000000 0.032981 0.999456 0.161689 0.000000 0.000000 0.000000 1.000000 
1.000000 0.000000 0.000000 0.105901 0.000000 0.999507 -0.031411 -0.282515 0.000000 0.031411 0.999507 0.163340 0.000000 0.000000 0.000000 1.000000 
1.000000 0.000000 0.000000 0.100938 0.000000 0.999555 -0.029841 -0.283550 0.000000 0.029841 0.999555 0.165007 0.000000 0.000000 0.000000 1.000000 
1.000000 0.000000 0.000000 0.095941 0.000000 0.999600 -0.028271 -0.284568 0.000000 0.028271 0.999600 0.166692 0.000000 0.000000 0.000000 1.000000 
1.000000 0.000000 0.000000 0.090910 0.000000 0.999643 -0.026700 -0.285570 0.000000 0.026700 0.999643 0.168394 0.000000 0.000000 0.000000 1.000000 
1.000000 0.000000 0.000000 0.085844 0.000000 0.999684 -0.025130 -0.286555 0.000000 0.025130 0.999684 0.170113 0.000000 0.000000 0.000000 1.000000 
1.000000 0.000000 0.000000 0.080743 0.000000 0.999722 -0.023560 -0.287524 0.000000 0.023560 0.999722 0.171849 0.000000 0.000000 0.000000 1.000000 
1.000000 0.000000 0.000000 0.075607 0.000000 0.999758 -0.021989 -0.288476 0.000000 0.021989 0.999758 0.173603 0.000000 0.000000 0.000000 1.000000 
1.000000 0.000000 0.000000 0.070436 0.000000 0.999792 -0.020419 -0.289411 0.000000 0.020419 0.999792 0.175374 0.000000 0.000000 0.000000 1.000000 
1.000000 0.000000 0.000000 0.065230 0.000000 0.999822 -0.018848 -0.290329 0.000000 0.018848 0.999822 0.177163 0.000000 0.000000 0.000000 1.000000 
1.000000 0.000000 0.000000 0.059989 0.000000 0.999851 -0.017278 -0.291230 0.000000 0.017278 0.999851 0.178969 0.000000 0.000000 0.000000 1.000000 
1.000000 0.000000 0.000000 0.054713 0.000000 0.999877 -0.015707 -0.292114 0.000000 0.015707 0.999877 0.180792 0.000000 0.000000 0.000000 1.000000 
1.000000 0.000000 0.000000 0.049401 0.000000 0.999900 -0.014137 -0.292981 0.000000 0.014137 0.999900 0.182633 0.000000 0.000000 0.000000 1.000000 
1.000000 0.000000 0.000000 0.044054 0.000000 0.999921 -0.012566 -0.293831 0.000000 0.012566 0.999921 0.184492 0.000000 0.000000 0.000000 1.000000 
1.000000 0.000000 0.000000 0.038672 0.000000 0.999940 -0.010995 -0.294664 0.000000 0.010995 0.999940 0.186368 0.000000 0.000000 0.000000 1.000000 
1.000000 0.000000 0.000000 0.033255 0.000000 0.999956 -0.009425 -0.295479 0.000000 0.009425 0.999956 0.188262 0.000000 0.000000 0.000000 1.000000 
1.000000 0.000000 0.000000 0.027802 0.000000 0.999969 -0.007854 -0.296277 0.000000 0.007854 0.999969 0.190174 0.000000 0.000000 0.000000 1.000000 
1.000000 0.000000 0.000000 0.022313 0.000000 0.999980 -0.006283 -0.297057 0.000000 0.006283 0.999980 0.192104 0.000000 0.000000 0.000000 1.000000 
1.000000 0.000000 0.000000 0.016788 0.000000 0.999989 -0.004712 -0.297819 0.000000 0.004712 0.999989 0.194051 0.000000 0.000000 0.000000 1.000000 
1.000000 0.000000 0.000000 0.011228 0.000000 0.999995 -0.003142 -0.298564 0.000000 0.003142 0.999995 0.196016 0.000000 0.000000 0.000000 1.000000 
1.000000 0.000000 0.000000 0.005632 0.000000 0.999999 -0.001571 -0.299291 0.000000 0.001571 0.999999 0.197999 0.000000 0.000000 0.000000 1.000000 
1.000000 0.000000 0.000000 0.000000 0.000000 1.000000 0.000000 -0.300000 0.000000 0.000000 1.000000 0.200000 0.000000 0.000000 0.000000 1.000000 

