0 -1.5708 0 -1.5708 0 0 -1 ;
6.16693 4.86996 0.443637 4.73611 5.16027 1.41889 -1 ;
1.05819 4.15172 1.16816 3.19658 5.45686 0.999126 -1 ;
1.70041 5.10212 1.58827 2.73438 3.01198 0.785398 1 ;
1.69463 5.10323 1.59034 2.73121 3.01776 0.783827 1 ;
1.68886 5.10434 1.59242 2.72802 3.02353 0.782256 1 ;
1.6831 5.10545 1.59452 2.72481 3.02929 0.780686 1 ;
1.67734 5.10656 1.59663 2.72159 3.03504 0.779115 1 ;
1.6716 5.10767 1.59876 2.71835 3.04079 0.777544 1 ;
1.66587 5.10878 1.6009 2.71509 3.04652 0.775973 1 ;
1.66014 5.10989 1.60306 2.71182 3.05225 0.774402 1 ;
1.65442 5.11101 1.60524 2.70854 3.05797 0.772832 1 ;
1.64871 5.11212 1.60743 2.70523 3.06368 0.771261 1 ;
1.64301 5.11323 1.60963 2.70192 3.06938 0.769691 1 ;
1.63731 5.11434 1.61185 2.69858 3.07508 0.768119 1 ;
1.63162 5.11545 1.61409 2.69523 3.08077 0.766548 1 ;
1.62594 5.11657 1.61634 2.69187 3.08645 0.764978 1 ;
1.62026 5.11768 1.6186 2.68849 3.09213 0.763407 1 ;
1.61459 5.1188 1.62088 2.6851 3.0978 0.761836 1 ;
1.60892 5.11991 1.62318 2.68169 3.10346 0.760266 1 ;
1.60327 5.12103 1.62548 2.67826 3.10912 0.758695 1 ;
1.59761 5.12215 1.6278 2.67483 3.11478 0.757124 1 ;
1.59196 5.12327 1.63013 2.67137 3.12043 0.755553 1 ;
1.58631 5.1244 1.63248 2.6679 3.12607 0.753982 1 ;
1.58067 5.12552 1.63484 2.66442 3.13172 0.752411 1 ;
1.57504 5.12665 1.63721 2.66092 3.13735 0.750841 1 ;
1.5694 5.12778 1.63959 2.65741 3.14299 0.74927 1 ;
1.56377 5.12891 1.64199 2.65388 3.14862 0.747699 1 ;
1.55815 5.13004 1.6444 2.65034 3.15424 0.746128 1 ;
1.55252 5.13117 1.64682 2.64678 3.15987 0.744557 1 ;
1.5469 5.13231 1.64925 2.64321 3.16549 0.742987 1 ;
1.54128 5.13346 1.65169 2.63963 3.1711 0.741416 1 ;
1.53567 5.1346 1.65415 2.63603 3.17672 0.739845 1 ;
1.53006 5.13575 1.65661 2.63242 3.18233 0.738275 1 ;
1.52444 5.1369 1.65909 2.62879 3.18795 0.736704 1 ;
1.51883 5.13805 1.66158 2.62515 3.19356 0.735133 1 ;
1.51323 5.13921 1.66407 2.6215 3.19916 0.733562 1 ;
1.50762 5.14037 1.66658 2.61783 3.20477 0.731991 1 ;
1.50201 5.14154 1.66909 2.61415 3.21038 0.730421 1 ;
1.49641 5.14271 1.67161 2.61046 3.21598 0.72885 1 ;
1.4908 5.14388 1.67415 2.60675 3.22159 0.727279 1 ;
1.4852 5.14506 1.67669 2.60303 3.22719 0.725708 1 ;
1.47959 5.14624 1.67923 2.5993 3.2328 0.724137 1 ;
1.47399 5.14743 1.68179 2.59555 3.2384 0.722566 1 ;
1.46838 5.14862 1.68436 2.5918 3.244 0.720996 1 ;
1.46278 5.14982 1.68693 2.58802 3.24961 0.719425 1 ;
1.45717 5.15103 1.68951 2.58424 3.25522 0.717854 1 ;
1.45157 5.15224 1.6921 2.58044 3.26082 0.716284 1 ;
1.44596 5.15345 1.69469 2.57663 3.26643 0.714712 1 ;
1.44035 5.15467 1.69729 2.57281 3.27204 0.713142 1 ;
1.43474 5.1559 1.6999 2.56898 3.27765 0.711571 1 ;
1.42913 5.15713 1.70251 2.56514 3.28326 0.71 1 ;
1.42351 5.15838 1.70512 2.56128 3.28887 0.708429 1 ;
1.4179 5.15962 1.70775 2.55741 3.29449 0.706858 1 ;
1.41228 5.16087 1.71037 2.55353 3.30011 0.705288 1 ;
1.40666 5.16213 1.71301 2.54964 3.30573 0.703716 1 ;
1.40104 5.1634 1.71564 2.54573 3.31135 0.702146 1 ;
1.39542 5.16468 1.71828 2.54182 3.31697 0.700574 1 ;
1.38979 5.16596 1.72092 2.53789 3.3226 0.699005 1 ;
1.38416 5.16725 1.72357 2.53396 3.32823 0.697434 1 ;
1.37853 5.16855 1.72622 2.53001 3.33386 0.695863 1 ;
1.37289 5.16985 1.72887 2.52605 3.3395 0.694292 1 ;
1.36725 5.17117 1.73152 2.52208 3.34514 0.692722 1 ;
1.36161 5.17249 1.73418 2.5181 3.35078 0.691151 1 ;
1.35596 5.17382 1.73684 2.51412 3.35643 0.689579 1 ;
1.35031 5.17517 1.7395 2.51012 3.36208 0.688009 1 ;
1.34466 5.17651 1.74216 2.50611 3.36773 0.686438 1 ;
1.339 5.17787 1.74482 2.50209 3.37339 0.684867 1 ;
1.33334 5.17924 1.74748 2.49806 3.37905 0.683296 1 ;
1.32767 5.18062 1.75014 2.49402 3.38472 0.681725 1 ;
1.322 5.18201 1.7528 2.48997 3.39039 0.680155 1 ;
1.31632 5.1834 1.75547 2.48591 3.39607 0.678584 1 ;
1.31064 5.18481 1.75812 2.48184 3.40175 0.677014 1 ;
1.30496 5.18623 1.76078 2.47777 3.40743 0.675443 1 ;
1.29927 5.18765 1.76344 2.47368 3.41312 0.673871 1 ;
1.29357 5.18909 1.7661 2.46959 3.41882 0.672301 1 ;
1.28787 5.19054 1.76875 2.46548 3.42451 0.67073 1 ;
1.28217 5.192 1.7714 2.46138 3.43022 0.66916 1 ;
1.27646 5.19347 1.77405 2.45725 3.43593 0.667588 1 ;
1.27074 5.19495 1.7767 2.45313 3.44165 0.666018 1 ;
1.26502 5.19645 1.77934 2.44899 3.44737 0.664447 1 ;
1.2593 5.19795 1.78198 2.44485 3.45309 0.662876 1 ;
1.25356 5.19947 1.78462 2.4407 3.45883 0.661305 1 ;
1.24782 5.20099 1.78724 2.43654 3.46457 0.659734 1 ;
1.24208 5.20253 1.78987 2.43237 3.47031 0.658163 1 ;
1.23633 5.20409 1.79249 2.4282 3.47606 0.656593 1 ;
1.23057 5.20565 1.79511 2.42402 3.48182 0.655023 1 ;
1.22481 5.20723 1.79772 2.41983 3.48758 0.653451 1 ;
1.21904 5.20881 1.80033 2.41564 3.49335 0.65188 1 ;
1.21327 5.21042 1.80292 2.41144 3.49912 0.65031 1 ;
1.20749 5.21203 1.80552 2.40723 3.5049 0.648739 1 ;
1.2017 5.21366 1.8081 2.40302 3.51069 0.647169 1 ;
1.19591 5.2153 1.81068 2.3988 3.51648 0.645597 1 ;
1.1901 5.21695 1.81325 2.39457 3.52228 0.644026 1 ;
1.1843 5.21862 1.81582 2.39034 3.52809 0.642455 1 ;
1.17849 5.2203 1.81837 2.38611 3.5339 0.640885 1 ;
1.17266 5.22199 1.82092 2.38187 3.53972 0.639314 1 ;
1.16684 5.22369 1.82346 2.37762 3.54555 0.637744 1 ;
1.161 5.22541 1.826 2.37337 3.55139 0.636172 1 ;
1.15516 5.22715 1.82852 2.36911 3.55723 0.634602 1 ;
1.14932 5.2289 1.83103 2.36485 3.56307 0.633031 1 ;
1.14346 5.23066 1.83353 2.36059 3.56893 0.63146 1 ;
1.1376 5.23243 1.83603 2.35632 3.57479 0.629889 1 ;
1.13173 5.23422 1.83851 2.35205 3.58066 0.628318 1 ;
1.12586 5.23603 1.84098 2.34777 3.58653 0.626748 1 ;
1.11997 5.23785 1.84344 2.34349 3.59242 0.625177 1 ;
1.11408 5.23968 1.84589 2.33921 3.59831 0.623606 1 ;
1.10819 5.24152 1.84834 2.33492 3.6042 0.622035 1 ;
1.10228 5.24339 1.85076 2.33063 3.61011 0.620465 1 ;
1.09637 5.24526 1.85318 2.32634 3.61602 0.618893 1 ;
1.09045 5.24715 1.85558 2.32204 3.62194 0.617323 1 ;
1.08453 5.24906 1.85798 2.31775 3.62786 0.615753 1 ;
1.07859 5.25098 1.86035 2.31345 3.6338 0.614182 1 ;
1.07265 5.25291 1.86272 2.30914 3.63973 0.61261 1 ;
1.06671 5.25486 1.86508 2.30484 3.64568 0.611039 1 ;
1.06075 5.25683 1.86741 2.30054 3.65164 0.609469 1 ;
1.05479 5.2588 1.86974 2.29623 3.6576 0.607898 1 ;
1.04882 5.2608 1.87205 2.29193 3.66357 0.606327 1 ;
1.04285 5.26281 1.87435 2.28762 3.66954 0.604756 1 ;
1.03686 5.26483 1.87664 2.28331 3.67553 0.603186 1 ;
1.03087 5.26687 1.87891 2.279 3.68152 0.601615 1 ;
1.02487 5.26892 1.88116 2.27469 3.68752 0.600044 1 ;
1.01887 5.27099 1.8834 2.27038 3.69352 0.598473 1 ;
1.01286 5.27307 1.88563 2.26607 3.69953 0.596902 1 ;
1.00684 5.27517 1.88784 2.26177 3.70555 0.595332 1 ;
1.00081 5.27729 1.89003 2.25746 3.71158 0.593761 1 ;
0.994777 5.27942 1.89221 2.25315 3.71761 0.592191 1 ;
0.988737 5.28156 1.89437 2.24885 3.72365 0.59062 1 ;
0.982689 5.28372 1.89652 2.24454 3.7297 0.589048 1 ;
0.976634 5.28589 1.89864 2.24024 3.73576 0.587478 1 ;
0.970573 5.28808 1.90076 2.23594 3.74182 0.585907 1 ;
0.964505 5.29028 1.90285 2.23165 3.74788 0.584337 1 ;
0.958428 5.2925 1.90493 2.22735 3.75396 0.582765 1 ;
0.952346 5.29473 1.90699 2.22306 3.76004 0.581195 1 ;
0.946257 5.29698 1.90903 2.21877 3.76613 0.579623 1 ;
0.94016 5.29924 1.91106 2.21448 3.77223 0.578053 1 ;
0.934058 5.30151 1.91307 2.2102 3.77833 0.576482 1 ;
0.927949 5.3038 1.91506 2.20591 3.78444 0.574911 1 ;
0.921831 5.30611 1.91703 2.20164 3.79056 0.573341 1 ;
0.915709 5.30843 1.91898 2.19737 3.79668 0.571769 1 ;
0.90958 5.31076 1.92092 2.1931 3.80281 0.570199 1 ;
0.903444 5.31311 1.92283 2.18884 3.80894 0.568629 1 ;
0.897302 5.31547 1.92473 2.18458 3.81509 0.567057 1 ;
0.891153 5.31785 1.92661 2.18032 3.82124 0.565487 1 ;
0.884999 5.32024 1.92847 2.17608 3.82739 0.563916 1 ;
0.878838 5.32264 1.93031 2.17183 3.83355 0.562345 1 ;
0.87267 5.32505 1.93213 2.16759 3.83972 0.560774 1 ;
0.866497 5.32748 1.93393 2.16337 3.84589 0.559203 1 ;
0.860317 5.32993 1.93571 2.15914 3.85207 0.557633 1 ;
0.854133 5.33238 1.93747 2.15492 3.85826 0.556063 1 ;
0.847942 5.33486 1.93921 2.15071 3.86445 0.554492 1 ;
0.841744 5.33733 1.94094 2.14651 3.87065 0.552921 1 ;
0.835541 5.33983 1.94264 2.14231 3.87685 0.551349 1 ;
0.829333 5.34234 1.94432 2.13812 3.88306 0.549779 1 ;
0.823119 5.34486 1.94598 2.13394 3.88927 0.548208 1 ;
0.8169 5.34739 1.94762 2.12976 3.89549 0.546637 1 ;
0.810675 5.34994 1.94924 2.1256 3.90171 0.545066 1 ;
0.804445 5.35249 1.95084 2.12144 3.90794 0.543496 1 ;
0.79821 5.35506 1.95242 2.11729 3.91418 0.541925 1 ;
0.791969 5.35764 1.95398 2.11315 3.92042 0.540354 1 ;
0.785725 5.36024 1.95552 2.10902 3.92666 0.538783 1 ;
0.779475 5.36284 1.95704 2.1049 3.93291 0.537212 1 ;
0.773219 5.36546 1.95853 2.10079 3.93917 0.535642 1 ;
0.766959 5.36808 1.96001 2.09669 3.94543 0.53407 1 ;
0.760694 5.37072 1.96146 2.0926 3.95169 0.5325 1 ;
0.754426 5.37336 1.9629 2.08852 3.95796 0.530929 1 ;
0.74815 5.37602 1.96431 2.08445 3.96424 0.529359 1 ;
0.741873 5.37869 1.9657 2.08039 3.97052 0.527788 1 ;
0.735592 5.38136 1.96708 2.07634 3.9768 0.526217 1 ;
0.729305 5.38405 1.96843 2.0723 3.98308 0.524646 1 ;
0.723015 5.38675 1.96976 2.06827 3.98937 0.523075 1 ;
0.71672 5.38945 1.97107 2.06426 3.99567 0.521504 1 ;
0.710421 5.39217 1.97235 2.06026 4.00197 0.519933 1 ;
0.70412 5.39489 1.97362 2.05627 4.00827 0.518363 1 ;
0.697814 5.39762 1.97487 2.05229 4.01457 0.516792 1 ;
0.691505 5.40036 1.97609 2.04833 4.02088 0.515221 1 ;
0.685193 5.40311 1.97729 2.04438 4.0272 0.51365 1 ;
0.678877 5.40586 1.97848 2.04044 4.03351 0.51208 1 ;
0.672558 5.40863 1.97964 2.03651 4.03983 0.510509 1 ;
0.666236 5.4114 1.98078 2.0326 4.04615 0.508938 1 ;
0.659911 5.41418 1.9819 2.0287 4.05248 0.507367 1 ;
0.653582 5.41696 1.983 2.02481 4.05881 0.505796 1 ;
0.647251 5.41975 1.98408 2.02094 4.06514 0.504226 1 ;
0.640918 5.42255 1.98514 2.01709 4.07147 0.502655 1 ;
0.634583 5.42535 1.98618 2.01324 4.07781 0.501085 1 ;
0.628243 5.42816 1.9872 2.00942 4.08415 0.499513 1 ;
0.621903 5.43098 1.9882 2.0056 4.09049 0.497943 1 ;
0.615558 5.43379 1.98918 2.00181 4.09683 0.496372 1 ;
0.609213 5.43662 1.99014 1.99802 4.10318 0.494801 1 ;
0.602866 5.43945 1.99108 1.99425 4.10952 0.49323 1 ;
0.596517 5.44228 1.99199 1.9905 4.11587 0.491659 1 ;
0.590166 5.44512 1.99289 1.98677 4.12222 0.490089 1 ;
0.583814 5.44796 1.99377 1.98304 4.12857 0.488517 1 ;
0.57746 5.45081 1.99463 1.97934 4.13493 0.486947 1 ;
0.571104 5.45365 1.99547 1.97565 4.14129 0.485376 1 ;
0.564746 5.45651 1.9963 1.97198 4.14764 0.483805 1 ;
0.558388 5.45936 1.9971 1.96832 4.154 0.482234 1 ;
0.552027 5.46222 1.99788 1.96468 4.16036 0.480664 1 ;
0.545667 5.46507 1.99865 1.96105 4.16672 0.479093 1 ;
0.539306 5.46793 1.9994 1.95745 4.17308 0.477522 1 ;
0.532943 5.4708 2.00013 1.95386 4.17945 0.475951 1 ;
0.52658 5.47366 2.00084 1.95028 4.18581 0.47438 1 ;
0.520216 5.47652 2.00153 1.94673 4.19217 0.47281 1 ;
0.513851 5.47939 2.00221 1.94319 4.19854 0.471238 1 ;
0.507486 5.48225 2.00286 1.93966 4.2049 0.469668 1 ;
0.50112 5.48512 2.0035 1.93616 4.21127 0.468097 1 ;
0.494754 5.48798 2.00413 1.93267 4.21763 0.466527 1 ;
0.488389 5.49085 2.00473 1.9292 4.224 0.464956 1 ;
0.482022 5.49371 2.00532 1.92575 4.23037 0.463385 1 ;
0.475656 5.49657 2.0059 1.92231 4.23673 0.461814 1 ;
0.46929 5.49943 2.00646 1.91889 4.2431 0.460243 1 ;
0.462924 5.50229 2.007 1.91549 4.24946 0.458672 1 ;
0.456559 5.50515 2.00752 1.91211 4.25583 0.457102 1 ;
0.450192 5.508 2.00803 1.90874 4.2622 0.455531 1 ;
0.443828 5.51085 2.00853 1.9054 4.26856 0.45396 1 ;
0.437464 5.5137 2.00901 1.90207 4.27493 0.45239 1 ;
0.431098 5.51655 2.00947 1.89876 4.28129 0.450818 1 ;
0.424735 5.51939 2.00993 1.89546 4.28765 0.449248 1 ;
0.418373 5.52223 2.01036 1.89219 4.29402 0.447677 1 ;
0.41201 5.52506 2.01079 1.88893 4.30038 0.446106 1 ;
0.405649 5.52789 2.0112 1.88569 4.30674 0.444535 1 ;
0.399289 5.53072 2.01159 1.88247 4.3131 0.442965 1 ;
0.392929 5.53354 2.01197 1.87926 4.31946 0.441394 1 ;
0.386571 5.53636 2.01235 1.87608 4.32582 0.439823 1 ;
0.380214 5.53917 2.0127 1.87291 4.33217 0.438252 1 ;
0.373859 5.54197 2.01305 1.86976 4.33853 0.436682 1 ;
0.367502 5.54477 2.01338 1.86662 4.34489 0.435111 1 ;
0.361149 5.54756 2.01371 1.86351 4.35124 0.43354 1 ;
0.354796 5.55035 2.01402 1.86041 4.35759 0.431969 1 ;
0.348446 5.55313 2.01432 1.85733 4.36394 0.430398 1 ;
0.342097 5.5559 2.01461 1.85427 4.37029 0.428828 1 ;
0.335746 5.55866 2.01489 1.85122 4.37664 0.427257 1 ;
0.3294 5.56142 2.01516 1.8482 4.38299 0.425685 1 ;
0.323055 5.56417 2.01542 1.84519 4.38933 0.424115 1 ;
0.31671 5.56691 2.01567 1.8422 4.39568 0.422544 1 ;
0.310369 5.56964 2.01592 1.83922 4.40202 0.420973 1 ;
0.304028 5.57236 2.01615 1.83626 4.40836 0.419403 1 ;
0.297687 5.57508 2.01638 1.83332 4.4147 0.417832 1 ;
0.291349 5.57778 2.0166 1.8304 4.42104 0.416261 1 ;
0.285014 5.58048 2.01681 1.82749 4.42737 0.41469 1 ;
0.278679 5.58316 2.01701 1.8246 4.43371 0.413119 1 ;
0.272346 5.58584 2.01721 1.82173 4.44004 0.411549 1 ;
0.266014 5.58851 2.0174 1.81887 4.44637 0.409978 1 ;
0.259685 5.59116 2.01759 1.81603 4.4527 0.408407 1 ;
0.253357 5.5938 2.01777 1.8132 4.45903 0.406837 1 ;
0.247029 5.59644 2.01795 1.81039 4.46536 0.405266 1 ;
0.240705 5.59906 2.01811 1.8076 4.47168 0.403695 1 ;
0.234381 5.60167 2.01828 1.80482 4.47801 0.402124 1 ;
0.228059 5.60427 2.01845 1.80206 4.48433 0.400554 1 ;
0.221738 5.60686 2.0186 1.79932 4.49065 0.398982 1 ;
0.215419 5.60943 2.01876 1.79659 4.49697 0.397412 1 ;
0.209103 5.612 2.01891 1.79387 4.50329 0.395841 1 ;
0.202786 5.61454 2.01906 1.79117 4.5096 0.39427 1 ;
0.196471 5.61708 2.01921 1.78848 4.51592 0.392699 1 ;
0.190157 5.61961 2.01936 1.78581 4.52223 0.391128 1 ;
0.183846 5.62212 2.0195 1.78316 4.52854 0.389557 1 ;
0.177535 5.62461 2.01965 1.78051 4.53485 0.387987 1 ;
0.171225 5.6271 2.0198 1.77788 4.54116 0.386416 1 ;
0.164917 5.62957 2.01994 1.77527 4.54747 0.384845 1 ;
0.158609 5.63202 2.02009 1.77267 4.55378 0.383274 1 ;
0.152303 5.63447 2.02023 1.77008 4.56009 0.381704 1 ;
0.145997 5.63689 2.02038 1.7675 4.56639 0.380133 1 ;
0.139693 5.6393 2.02053 1.76494 4.5727 0.378562 1 ;
0.133387 5.6417 2.02069 1.76239 4.579 0.376992 1 ;
0.127084 5.64408 2.02084 1.75985 4.5853 0.375421 1 ;
0.120783 5.64645 2.021 1.75733 4.59161 0.37385 1 ;
0.114479 5.6488 2.02116 1.75482 4.59791 0.372279 1 ;
0.108178 5.65114 2.02132 1.75232 4.60421 0.370708 1 ;
0.101877 5.65346 2.02149 1.74983 4.61051 0.369137 1 ;
0.0955741 5.65576 2.02167 1.74735 4.61681 0.367566 1 ;
0.0892742 5.65805 2.02185 1.74488 4.62311 0.365995 1 ;
0.0829723 5.66032 2.02204 1.74242 4.62942 0.364425 1 ;
0.0766699 5.66257 2.02222 1.73998 4.63572 0.362854 1 ;
0.0703674 5.66481 2.02242 1.73754 4.64202 0.361283 1 ;
0.0640665 5.66703 2.02263 1.73512 4.64832 0.359712 1 ;
0.0577619 5.66924 2.02284 1.7327 4.65463 0.358141 1 ;
0.0514584 5.67142 2.02306 1.73029 4.66093 0.356571 1 ;
0.0451529 5.67359 2.02329 1.7279 4.66724 0.355 1 ;
0.0388477 5.67574 2.02353 1.72551 4.67354 0.353429 1 ;
0.0325399 5.67788 2.02377 1.72313 4.67985 0.351858 1 ;
0.0262316 5.67999 2.02403 1.72076 4.68616 0.350288 1 ;
0.0199225 5.68209 2.0243 1.71839 4.69247 0.348717 1 ;
0.0136095 5.68417 2.02457 1.71604 4.69878 0.347145 1 ;
0.00729738 5.68623 2.02486 1.71369 4.70509 0.345575 1 ;
0.000980678 5.68827 2.02516 1.71135 4.71141 0.344005 1 ;
6.27785 5.6903 2.02547 1.70901 4.71773 0.342433 1 ;
6.27153 5.6923 2.02579 1.70669 4.72405 0.340862 1 ;
6.2652 5.69429 2.02613 1.70436 4.73037 0.339292 1 ;
6.25888 5.69626 2.02647 1.70205 4.7367 0.337721 1 ;
6.25255 5.69821 2.02684 1.69974 4.74303 0.33615 1 ;
6.24622 5.70013 2.02721 1.69743 4.74936 0.33458 1 ;
6.23988 5.70205 2.0276 1.69513 4.75569 0.333009 1 ;
6.23354 5.70393 2.028 1.69284 4.76203 0.331438 1 ;
6.2272 5.7058 2.02842 1.69055 4.76838 0.329867 1 ;
6.22085 5.70766 2.02886 1.68826 4.77473 0.328297 1 ;
6.2145 5.70949 2.02931 1.68598 4.78108 0.326726 1 ;
6.20814 5.7113 2.02978 1.6837 4.78744 0.325155 1 ;
6.20178 5.71309 2.03026 1.68143 4.7938 0.323584 1 ;
6.19541 5.71486 2.03076 1.67916 4.80017 0.322013 1 ;
6.18903 5.71661 2.03128 1.67689 4.80654 0.320443 1 ;
6.18265 5.71834 2.03182 1.67462 4.81292 0.318871 1 ;
6.17627 5.72005 2.03237 1.67235 4.81931 0.317301 1 ;
6.16987 5.72174 2.03295 1.67009 4.8257 0.31573 1 ;
6.16348 5.72341 2.03354 1.66783 4.8321 0.314159 1 ;
6.15707 5.72505 2.03416 1.66557 4.8385 0.312589 1 ;
6.15066 5.72668 2.03479 1.66331 4.84492 0.311018 1 ;
6.14424 5.72828 2.03544 1.66105 4.85134 0.309447 1 ;
6.13781 5.72987 2.03612 1.65879 4.85777 0.307876 1 ;
6.13137 5.73143 2.03682 1.65653 4.86421 0.306305 1 ;
6.12492 5.73297 2.03754 1.65427 4.87065 0.304734 1 ;
6.11847 5.73449 2.03827 1.65201 4.87711 0.303164 1 ;
6.112 5.73599 2.03904 1.64975 4.88357 0.301593 1 ;
6.10553 5.73747 2.03982 1.64749 4.89005 0.300022 1 ;
6.09904 5.73892 2.04063 1.64523 4.89654 0.298451 1 ;
6.09255 5.74036 2.04146 1.64296 4.90303 0.296881 1 ;
6.08604 5.74177 2.04232 1.64069 4.90954 0.29531 1 ;
6.07952 5.74316 2.0432 1.63842 4.91606 0.293739 1 ;
6.07299 5.74453 2.0441 1.63615 4.92258 0.292168 1 ;
6.06645 5.74587 2.04504 1.63387 4.92913 0.290598 1 ;
6.05989 5.7472 2.04599 1.63159 4.93568 0.289026 1 ;
6.05333 5.7485 2.04697 1.62931 4.94225 0.287456 1 ;
6.04674 5.74978 2.04798 1.62702 4.94883 0.285885 1 ;
6.04015 5.75103 2.04901 1.62473 4.95543 0.284314 1 ;
6.03354 5.75227 2.05008 1.62243 4.96204 0.282743 1 ;
6.02691 5.75348 2.05116 1.62013 4.96866 0.281172 1 ;
6.02027 5.75467 2.05228 1.61782 4.9753 0.279602 1 ;
6.01362 5.75584 2.05342 1.61551 4.98196 0.278031 1 ;
6.00694 5.75699 2.0546 1.6132 4.98863 0.27646 1 ;
6.00026 5.75811 2.0558 1.61087 4.99532 0.274889 1 ;
5.99355 5.75921 2.05702 1.60854 5.00203 0.273318 1 ;
5.98683 5.76029 2.05828 1.60621 5.00875 0.271747 1 ;
5.98008 5.76134 2.05957 1.60386 5.01549 0.270177 1 ;
5.97332 5.76238 2.06088 1.60152 5.02225 0.268606 1 ;
5.96654 5.76339 2.06223 1.59916 5.02903 0.267035 1 ;
5.95974 5.76437 2.06361 1.59679 5.03583 0.265465 1 ;
5.95292 5.76534 2.06502 1.59442 5.04266 0.263894 1 ;
5.94608 5.76628 2.06646 1.59204 5.0495 0.262323 1 ;
5.93921 5.7672 2.06793 1.58965 5.05636 0.260752 1 ;
5.93232 5.76809 2.06943 1.58726 5.06325 0.259181 1 ;
5.92541 5.76897 2.07096 1.58485 5.07016 0.257611 1 ;
5.91848 5.76981 2.07253 1.58244 5.0771 0.256039 1 ;
5.91152 5.77064 2.07412 1.58001 5.08405 0.254469 1 ;
5.90454 5.77145 2.07575 1.57758 5.09104 0.252898 1 ;
5.89753 5.77223 2.07741 1.57514 5.09804 0.251328 1 ;
5.8905 5.77299 2.07911 1.57268 5.10508 0.249756 1 ;
5.88343 5.77372 2.08084 1.57022 5.11214 0.248186 1 ;
5.87635 5.77443 2.0826 1.56775 5.11923 0.246615 1 ;
5.86923 5.77512 2.08439 1.56527 5.12635 0.245044 1 ;
5.86208 5.77578 2.08622 1.56277 5.1335 0.243473 1 ;
5.8549 5.77643 2.08808 1.56027 5.14067 0.241902 1 ;
5.84769 5.77705 2.08998 1.55775 5.14788 0.240332 1 ;
5.84046 5.77764 2.09191 1.55523 5.15512 0.238761 1 ;
5.83319 5.77822 2.09387 1.55269 5.16239 0.23719 1 ;
5.82588 5.77877 2.09587 1.55014 5.16969 0.235619 1 ;
5.81855 5.77929 2.0979 1.54758 5.17703 0.234049 1 ;
5.81117 5.7798 2.09997 1.54501 5.1844 0.232477 1 ;
5.80376 5.78028 2.10208 1.54242 5.19181 0.230907 1 ;
5.79632 5.78074 2.10421 1.53983 5.19925 0.229336 1 ;
5.78884 5.78117 2.10639 1.53722 5.20673 0.227765 1 ;
5.78132 5.78158 2.1086 1.5346 5.21425 0.226195 1 ;
5.77376 5.78197 2.11084 1.53196 5.22181 0.224624 1 ;
5.76617 5.78234 2.11312 1.52932 5.22941 0.223053 1 ;
5.75853 5.78268 2.11544 1.52666 5.23704 0.221482 1 ;
5.75085 5.783 2.11779 1.52399 5.24473 0.219911 1 ;
5.74313 5.78329 2.12018 1.52131 5.25245 0.218341 1 ;
5.73536 5.78357 2.1226 1.51861 5.26021 0.21677 1 ;
5.72755 5.78381 2.12506 1.51591 5.26802 0.215199 1 ;
5.7197 5.78404 2.12755 1.51319 5.27588 0.213628 1 ;
5.7118 5.78424 2.13008 1.51045 5.28378 0.212058 1 ;
5.70384 5.78442 2.13265 1.50771 5.29173 0.210487 1 ;
5.69585 5.78458 2.13525 1.50495 5.29973 0.208916 1 ;
5.6878 5.78472 2.13789 1.50218 5.30778 0.207345 1 ;
5.6797 5.78483 2.14056 1.49939 5.31588 0.205774 1 ;
5.67155 5.78491 2.14327 1.4966 5.32403 0.204203 1 ;
5.66335 5.78498 2.14602 1.49379 5.33223 0.202633 1 ;
5.65509 5.78502 2.1488 1.49097 5.34049 0.201062 1 ;
5.64677 5.78503 2.15161 1.48813 5.3488 0.199491 1 ;
5.63841 5.78503 2.15446 1.48529 5.35717 0.197921 1 ;
5.62998 5.785 2.15735 1.48243 5.3656 0.196349 1 ;
5.62149 5.78495 2.16027 1.47956 5.37408 0.194778 1 ;
5.61295 5.78487 2.16323 1.47668 5.38263 0.193208 1 ;
5.60434 5.78477 2.16622 1.47379 5.39124 0.191637 1 ;
5.59567 5.78465 2.16925 1.47088 5.39991 0.190066 1 ;
5.58693 5.7845 2.17231 1.46797 5.40864 0.188495 1 ;
5.57813 5.78433 2.1754 1.46504 5.41744 0.186925 1 ;
5.56927 5.78414 2.17853 1.46211 5.42631 0.185354 1 ;
5.56033 5.78392 2.1817 1.45916 5.43524 0.183783 1 ;
5.55133 5.78368 2.18489 1.45621 5.44425 0.182213 1 ;
5.54226 5.78342 2.18812 1.45324 5.45332 0.180642 1 ;
5.53311 5.78312 2.19139 1.45027 5.46246 0.17907 1 ;
5.52389 5.78281 2.19468 1.44729 5.47168 0.1775 1 ;
5.5146 5.78247 2.19801 1.44429 5.48098 0.175929 1 ;
5.50523 5.78211 2.20137 1.44129 5.49035 0.174358 1 ;
5.49578 5.78173 2.20476 1.43829 5.49979 0.172788 1 ;
5.48626 5.78132 2.20819 1.43527 5.50932 0.171216 1 ;
5.47665 5.78088 2.21164 1.43225 5.51893 0.169645 1 ;
5.46696 5.78042 2.21513 1.42923 5.52861 0.168075 1 ;
5.45719 5.77993 2.21864 1.4262 5.53839 0.166504 1 ;
5.44733 5.77943 2.22219 1.42317 5.54825 0.164934 1 ;
5.43739 5.77889 2.22576 1.42013 5.55819 0.163363 1 ;
5.42735 5.77833 2.22936 1.41709 5.56822 0.161792 1 ;
5.41723 5.77774 2.23299 1.41405 5.57834 0.160222 1 ;
5.40702 5.77712 2.23665 1.41101 5.58855 0.158651 1 ;
5.39671 5.77648 2.24033 1.40796 5.59886 0.157079 1 ;
5.38632 5.77581 2.24404 1.40492 5.60926 0.155509 1 ;
5.37582 5.77511 2.24778 1.40188 5.61975 0.153938 1 ;
5.36523 5.77439 2.25154 1.39885 5.63035 0.152367 1 ;
5.35454 5.77364 2.25532 1.39581 5.64104 0.150797 1 ;
5.34375 5.77286 2.25913 1.39279 5.65183 0.149225 1 ;

